##
Size:  384    1       1       1
RawHits:
#
Element:  20002   -1  4097  0.0  1.0  20008  -1  4097  0.0  1.0   -5.196152    3.000000  146.350000
Element:  20006   -1  4097  0.0  1.0  20009   1  4097  0.0  1.0  -10.392304    6.000000  146.350000
Element:  20014   -1  4097  0.0  1.0  20010   1  4097  0.0  1.0  -10.392304    0.000000  146.350000
Element:  20018   -1  4097  0.0  1.0  20011   1  4097  0.0  1.0  -15.588456    9.000000  146.350000
Element:  20034   -1  4097  0.0  1.0  20040   1  4097  0.0  1.0  -15.588456    3.000000  146.350000
Element:  20038   -1  4097  0.0  1.0  20041   1  4097  0.0  1.0  -15.588456   -3.000000  146.350000
Element:  20046   -1  4097  0.0  1.0  20042   1  4097  0.0  1.0  -20.784609   12.000000  146.350000
Element:  20050   -1  4097  0.0  1.0  20043   1  4097  0.0  1.0  -20.784609    6.000000  146.350000
Element:  20066   -1  4097  0.0  1.0  20072   1  4097  0.0  1.0  -20.784609    0.000000  146.350000
Element:  20070   -1  4097  0.0  1.0  20073   1  4097  0.0  1.0  -20.784609   -6.000000  146.350000
Element:  20078   -1  4097  0.0  1.0  20074   1  4097  0.0  1.0  -25.980761   15.000000  146.350000
Element:  20082   -1  4097  0.0  1.0  20075   1  4097  0.0  1.0  -25.980761    9.000000  146.350000
Element:  20098   -1  4097  0.0  1.0  20104   1  4097  0.0  1.0  -25.980761    3.000000  146.350000
Element:  20102   -1  4097  0.0  1.0  20105   1  4097  0.0  1.0  -25.980761   -3.000000  146.350000
Element:  20110   -1  4097  0.0  1.0  20106   1  4097  0.0  1.0  -25.980761   -9.000000  146.350000
Element:  20114   -1  4097  0.0  1.0  20107   1  4097  0.0  1.0  -31.176912   18.000000  146.350000
Element:  20130   -1  4097  0.0  1.0  20136   1  4097  0.0  1.0  -31.176912   12.000000  146.350000
Element:  20134   -1  4097  0.0  1.0  20137   1  4097  0.0  1.0  -31.176912    6.000000  146.350000
Element:  20142   -1  4097  0.0  1.0  20138   1  4097  0.0  1.0  -31.176912    0.000000  146.350000
Element:  20146   -1  4097  0.0  1.0  20139   1  4097  0.0  1.0  -31.176912   -6.000000  146.350000
Element:  20162   -1  4097  0.0  1.0  20168   1  4097  0.0  1.0  -31.176912  -12.000000  146.350000
Element:  20166   -1  4097  0.0  1.0  20169   1  4097  0.0  1.0  -36.373062   21.000000  146.350000
Element:  20174   -1  4097  0.0  1.0  20170   1  4097  0.0  1.0  -36.373062   15.000000  146.350000
Element:  20178   -1  4097  0.0  1.0  20171   1  4097  0.0  1.0  -36.373062    9.000000  146.350000
Element:  20194   -1  4097  0.0  1.0  20200   1  4097  0.0  1.0  -36.373062    3.000000  146.350000
Element:  20198   -1  4097  0.0  1.0  20201   1  4097  0.0  1.0  -36.373062   -3.000000  146.350000
Element:  20206   -1  4097  0.0  1.0  20202   1  4097  0.0  1.0  -36.373062   -9.000000  146.350000
Element:  20210   -1  4097  0.0  1.0  20203   1  4097  0.0  1.0  -36.373062  -15.000000  146.350000
Element:  20226   -1  4097  0.0  1.0  20232   1  4097  0.0  1.0  -41.569218   24.000000  146.350000
Element:  20230   -1  4097  0.0  1.0  20233   1  4097  0.0  1.0  -41.569218   18.000000  146.350000
Element:  20238   -1  4097  0.0  1.0  20234   1  4097  0.0  1.0  -41.569218   12.000000  146.350000
Element:  20242   -1  4097  0.0  1.0  20235   1  4097  0.0  1.0  -41.569218    6.000000  146.350000
Element:  20258   -1  4097  0.0  1.0  20264   1  4097  0.0  1.0  -41.569218    0.000000  146.350000
Element:  20262   -1  4097  0.0  1.0  20265   1  4097  0.0  1.0  -41.569218   -6.000000  146.350000
Element:  20270   -1  4097  0.0  1.0  20266   1  4097  0.0  1.0  -41.569218  -12.000000  146.350000
Element:  20274   -1  4097  0.0  1.0  20267   1  4097  0.0  1.0  -41.569218  -18.000000  146.350000
Element:  20290   -1  4097  0.0  1.0  20296   1  4097  0.0  1.0  -46.765369   27.000000  146.350000
Element:  20294   -1  4097  0.0  1.0  20297   1  4097  0.0  1.0  -46.765369   21.000000  146.350000
Element:  20302   -1  4097  0.0  1.0  20298   1  4097  0.0  1.0  -46.765369   15.000000  146.350000
Element:  20306   -1  4097  0.0  1.0  20299   1  4097  0.0  1.0  -46.765369    9.000000  146.350000
Element:  20322   -1  4097  0.0  1.0  20328   1  4097  0.0  1.0  -46.765369    3.000000  146.350000
Element:  20326   -1  4097  0.0  1.0  20329   1  4097  0.0  1.0  -46.765369   -3.000000  146.350000
Element:  20334   -1  4097  0.0  1.0  20330   1  4097  0.0  1.0  -46.765369   -9.000000  146.350000
Element:  20338   -1  4097  0.0  1.0  20331   1  4097  0.0  1.0  -46.765369  -15.000000  146.350000
Element:  20354   -1  4097  0.0  1.0  20360   1  4097  0.0  1.0  -46.765369  -21.000000  146.350000
Element:  20358   -1  4097  0.0  1.0  20361   1  4097  0.0  1.0  -51.961521   30.000000  146.350000
Element:  20366   -1  4097  0.0  1.0  20362   1  4097  0.0  1.0  -51.961521   24.000000  146.350000
Element:  20370   -1  4097  0.0  1.0  20363   1  4097  0.0  1.0  -51.961521   18.000000  146.350000
Element:  20386   -1  4097  0.0  1.0  20392   1  4097  0.0  1.0  -51.961521   12.000000  146.350000
Element:  20390   -1  4097  0.0  1.0  20393   1  4097  0.0  1.0  -51.961521    6.000000  146.350000
Element:  20398   -1  4097  0.0  1.0  20394   1  4097  0.0  1.0  -51.961521    0.000000  146.350000
Element:  20402   -1  4097  0.0  1.0  20395   1  4097  0.0  1.0  -51.961521   -6.000000  146.350000
Element:  20418   -1  4097  0.0  1.0  20424   1  4097  0.0  1.0  -51.961521  -12.000000  146.350000
Element:  20422   -1  4097  0.0  1.0  20425   1  4097  0.0  1.0  -51.961521  -18.000000  146.350000
Element:  20430   -1  4097  0.0  1.0  20426   1  4097  0.0  1.0  -51.961521  -24.000000  146.350000
Element:  20434   -1  4097  0.0  1.0  20427   1  4097  0.0  1.0  -57.157673   27.000000  146.350000
Element:  20450   -1  4097  0.0  1.0  20456   1  4097  0.0  1.0  -57.157673   21.000000  146.350000
Element:  20454   -1  4097  0.0  1.0  20457   1  4097  0.0  1.0  -57.157673   15.000000  146.350000
Element:  20462   -1  4097  0.0  1.0  20458   1  4097  0.0  1.0  -57.157673    9.000000  146.350000
Element:  20466   -1  4097  0.0  1.0  20459   1  4097  0.0  1.0  -57.157673    3.000000  146.350000
Element:  20482   -1  4097  0.0  1.0  20488   1  4097  0.0  1.0  -57.157673   -3.000000  146.350000
Element:  20486   -1  4097  0.0  1.0  20489   1  4097  0.0  1.0  -57.157673   -9.000000  146.350000
Element:  20494   -1  4097  0.0  1.0  20490   1  4097  0.0  1.0  -57.157673  -15.000000  146.350000
Element:  20498   -1  4097  0.0  1.0  20491   1  4097  0.0  1.0  -57.157673  -21.000000  146.350000
Element:  21002   -1  4097  0.0  1.0  21008   1  4097  0.0  1.0   -5.196152   -3.000000  146.350000
Element:  21006   -1  4097  0.0  1.0  21009   1  4097  0.0  1.0  -10.392304   -6.000000  146.350000
Element:  21014   -1  4097  0.0  1.0  21010   1  4097  0.0  1.0   -5.196152   -9.000000  146.350000
Element:  21018   -1  4097  0.0  1.0  21011   1  4097  0.0  1.0  -15.588456   -9.000000  146.350000
Element:  21034   -1  4097  0.0  1.0  21040   1  4097  0.0  1.0  -10.392304  -12.000000  146.350000
Element:  21038   -1  4097  0.0  1.0  21041   1  4097  0.0  1.0   -5.196152  -15.000000  146.350000
Element:  21046   -1  4097  0.0  1.0  21042   1  4097  0.0  1.0  -20.784609  -12.000000  146.350000
Element:  21050   -1  4097  0.0  1.0  21043   1  4097  0.0  1.0  -15.588456  -15.000000  146.350000
Element:  21066   -1  4097  0.0  1.0  21072   1  4097  0.0  1.0  -10.392304  -18.000000  146.350000
Element:  21070   -1  4097  0.0  1.0  21073   1  4097  0.0  1.0   -5.196152  -21.000000  146.350000
Element:  21078   -1  4097  0.0  1.0  21074   1  4097  0.0  1.0  -25.980761  -15.000000  146.350000
Element:  21082   -1  4097  0.0  1.0  21075   1  4097  0.0  1.0  -20.784609  -18.000000  146.350000
Element:  21098   -1  4097  0.0  1.0  21104   1  4097  0.0  1.0  -15.588456  -21.000000  146.350000
Element:  21102   -1  4097  0.0  1.0  21105   1  4097  0.0  1.0  -10.392304  -24.000000  146.350000
Element:  21110   -1  4097  0.0  1.0  21106   1  4097  0.0  1.0   -5.196152  -27.000000  146.350000
Element:  21114   -1  4097  0.0  1.0  21107   1  4097  0.0  1.0  -31.176912  -18.000000  146.350000
Element:  21130   -1  4097  0.0  1.0  21136   1  4097  0.0  1.0  -25.980761  -21.000000  146.350000
Element:  21134   -1  4097  0.0  1.0  21137   1  4097  0.0  1.0  -20.784609  -24.000000  146.350000
Element:  21142   -1  4097  0.0  1.0  21138   1  4097  0.0  1.0  -15.588456  -27.000000  146.350000
Element:  21146   -1  4097  0.0  1.0  21139   1  4097  0.0  1.0  -10.392304  -30.000000  146.350000
Element:  21162   -1  4097  0.0  1.0  21168   1  4097  0.0  1.0   -5.196152  -33.000000  146.350000
Element:  21166   -1  4097  0.0  1.0  21169   1  4097  0.0  1.0  -36.373062  -21.000000  146.350000
Element:  21174   -1  4097  0.0  1.0  21170   1  4097  0.0  1.0  -31.176912  -24.000000  146.350000
Element:  21178   -1  4097  0.0  1.0  21171   1  4097  0.0  1.0  -25.980761  -27.000000  146.350000
Element:  21194   -1  4097  0.0  1.0  21200   1  4097  0.0  1.0  -20.784609  -30.000000  146.350000
Element:  21198   -1  4097  0.0  1.0  21201   1  4097  0.0  1.0  -15.588456  -33.000000  146.350000
Element:  21206   -1  4097  0.0  1.0  21202   1  4097  0.0  1.0  -10.392304  -36.000000  146.350000
Element:  21210   -1  4097  0.0  1.0  21203   1  4097  0.0  1.0   -5.196152  -39.000000  146.350000
Element:  21226   -1  4097  0.0  1.0  21232   1  4097  0.0  1.0  -41.569218  -24.000000  146.350000
Element:  21230   -1  4097  0.0  1.0  21233   1  4097  0.0  1.0  -36.373062  -27.000000  146.350000
Element:  21238   -1  4097  0.0  1.0  21234   1  4097  0.0  1.0  -31.176912  -30.000000  146.350000
Element:  21242   -1  4097  0.0  1.0  21235   1  4097  0.0  1.0  -25.980761  -33.000000  146.350000
Element:  21258   -1  4097  0.0  1.0  21264   1  4097  0.0  1.0  -20.784609  -36.000000  146.350000
Element:  21262   -1  4097  0.0  1.0  21265   1  4097  0.0  1.0  -15.588456  -39.000000  146.350000
Element:  21270   -1  4097  0.0  1.0  21266   1  4097  0.0  1.0  -10.392304  -42.000000  146.350000
Element:  21274   -1  4097  0.0  1.0  21267   1  4097  0.0  1.0   -5.196152  -45.000000  146.350000
Element:  21290   -1  4097  0.0  1.0  21296   1  4097  0.0  1.0  -46.765369  -27.000000  146.350000
Element:  21294   -1  4097  0.0  1.0  21297   1  4097  0.0  1.0  -41.569218  -30.000000  146.350000
Element:  21302   -1  4097  0.0  1.0  21298   1  4097  0.0  1.0  -36.373062  -33.000000  146.350000
Element:  21306   -1  4097  0.0  1.0  21299   1  4097  0.0  1.0  -31.176912  -36.000000  146.350000
Element:  21322   -1  4097  0.0  1.0  21328   1  4097  0.0  1.0  -25.980761  -39.000000  146.350000
Element:  21326   -1  4097  0.0  1.0  21329   1  4097  0.0  1.0  -20.784609  -42.000000  146.350000
Element:  21334   -1  4097  0.0  1.0  21330   1  4097  0.0  1.0  -15.588456  -45.000000  146.350000
Element:  21338   -1  4097  0.0  1.0  21331   1  4097  0.0  1.0  -10.392304  -48.000000  146.350000
Element:  21354   -1  4097  0.0  1.0  21360   1  4097  0.0  1.0   -5.196152  -51.000000  146.350000
Element:  21358   -1  4097  0.0  1.0  21361   1  4097  0.0  1.0  -51.961521  -30.000000  146.350000
Element:  21366   -1  4097  0.0  1.0  21362   1  4097  0.0  1.0  -46.765369  -33.000000  146.350000
Element:  21370   -1  4097  0.0  1.0  21363   1  4097  0.0  1.0  -41.569218  -36.000000  146.350000
Element:  21386   -1  4097  0.0  1.0  21392   1  4097  0.0  1.0  -36.373062  -39.000000  146.350000
Element:  21390   -1  4097  0.0  1.0  21393   1  4097  0.0  1.0  -31.176912  -42.000000  146.350000
Element:  21398   -1  4097  0.0  1.0  21394   1  4097  0.0  1.0  -25.980761  -45.000000  146.350000
Element:  21402   -1  4097  0.0  1.0  21395   1  4097  0.0  1.0  -20.784609  -48.000000  146.350000
Element:  21418   -1  4097  0.0  1.0  21424   1  4097  0.0  1.0  -15.588456  -51.000000  146.350000
Element:  21422   -1  4097  0.0  1.0  21425   1  4097  0.0  1.0  -10.392304  -54.000000  146.350000
Element:  21430   -1  4097  0.0  1.0  21426   1  4097  0.0  1.0   -5.196152  -57.000000  146.350000
Element:  21434   -1  4097  0.0  1.0  21427   1  4097  0.0  1.0  -51.961521  -36.000000  146.350000
Element:  21450   -1  4097  0.0  1.0  21456   1  4097  0.0  1.0  -46.765369  -39.000000  146.350000
Element:  21454   -1  4097  0.0  1.0  21457   1  4097  0.0  1.0  -41.569218  -42.000000  146.350000
Element:  21462   -1  4097  0.0  1.0  21458   1  4097  0.0  1.0  -36.373062  -45.000000  146.350000
Element:  21466   -1  4097  0.0  1.0  21459   1  4097  0.0  1.0  -31.176912  -48.000000  146.350000
Element:  21482   -1  4097  0.0  1.0  21488   1  4097  0.0  1.0  -25.980761  -51.000000  146.350000
Element:  21486   -1  4097  0.0  1.0  21489   1  4097  0.0  1.0  -20.784609  -54.000000  146.350000
Element:  21494   -1  4097  0.0  1.0  21490   1  4097  0.0  1.0  -15.588456  -57.000000  146.350000
Element:  21498   -1  4097  0.0  1.0  21491   1  4097  0.0  1.0  -10.392304  -60.000000  146.350000
Element:  22002   -1  4097  0.0  1.0  22008   1  4097  0.0  1.0    0.000000   -6.000000  146.350000
Element:  22006   -1  4097  0.0  1.0  22009   1  4097  0.0  1.0    0.000000  -12.000000  146.350000
Element:  22014   -1  4097  0.0  1.0  22010   1  4097  0.0  1.0    5.196152   -9.000000  146.350000
Element:  22018   -1  4097  0.0  1.0  22011   1  4097  0.0  1.0    0.000000  -18.000000  146.350000
Element:  22034   -1  4097  0.0  1.0  22040   1  4097  0.0  1.0    5.196152  -15.000000  146.350000
Element:  22038   -1  4097  0.0  1.0  22041   1  4097  0.0  1.0   10.392304  -12.000000  146.350000
Element:  22046   -1  4097  0.0  1.0  22042   1  4097  0.0  1.0    0.000000  -24.000000  146.350000
Element:  22050   -1  4097  0.0  1.0  22043   1  4097  0.0  1.0    5.196152  -21.000000  146.350000
Element:  22066   -1  4097  0.0  1.0  22072   1  4097  0.0  1.0   10.392304  -18.000000  146.350000
Element:  22070   -1  4097  0.0  1.0  22073   1  4097  0.0  1.0   15.588456  -15.000000  146.350000
Element:  22078   -1  4097  0.0  1.0  22074   1  4097  0.0  1.0    0.000000  -30.000000  146.350000
Element:  22082   -1  4097  0.0  1.0  22075   1  4097  0.0  1.0    5.196152  -27.000000  146.350000
Element:  22098   -1  4097  0.0  1.0  22104   1  4097  0.0  1.0   10.392304  -24.000000  146.350000
Element:  22102   -1  4097  0.0  1.0  22105   1  4097  0.0  1.0   15.588456  -21.000000  146.350000
Element:  22110   -1  4097  0.0  1.0  22106   1  4097  0.0  1.0   20.784609  -18.000000  146.350000
Element:  22114   -1  4097  0.0  1.0  22107   1  4097  0.0  1.0    0.000000  -36.000000  146.350000
Element:  22130   -1  4097  0.0  1.0  22136   1  4097  0.0  1.0    5.196152  -33.000000  146.350000
Element:  22134   -1  4097  0.0  1.0  22137   1  4097  0.0  1.0   10.392304  -30.000000  146.350000
Element:  22142   -1  4097  0.0  1.0  22138   1  4097  0.0  1.0   15.588456  -27.000000  146.350000
Element:  22146   -1  4097  0.0  1.0  22139   1  4097  0.0  1.0   20.784609  -24.000000  146.350000
Element:  22162   -1  4097  0.0  1.0  22168   1  4097  0.0  1.0   25.980761  -21.000000  146.350000
Element:  22166   -1  4097  0.0  1.0  22169   1  4097  0.0  1.0    0.000000  -42.000000  146.350000
Element:  22174   -1  4097  0.0  1.0  22170   1  4097  0.0  1.0    5.196152  -39.000000  146.350000
Element:  22178   -1  4097  0.0  1.0  22171   1  4097  0.0  1.0   10.392304  -36.000000  146.350000
Element:  22194   -1  4097  0.0  1.0  22200   1  4097  0.0  1.0   15.588456  -33.000000  146.350000
Element:  22198   -1  4097  0.0  1.0  22201   1  4097  0.0  1.0   20.784609  -30.000000  146.350000
Element:  22206   -1  4097  0.0  1.0  22202   1  4097  0.0  1.0   25.980761  -27.000000  146.350000
Element:  22210   -1  4097  0.0  1.0  22203   1  4097  0.0  1.0   31.176912  -24.000000  146.350000
Element:  22226   -1  4097  0.0  1.0  22232   1  4097  0.0  1.0    0.000000  -48.000000  146.350000
Element:  22230   -1  4097  0.0  1.0  22233   1  4097  0.0  1.0    5.196152  -45.000000  146.350000
Element:  22238   -1  4097  0.0  1.0  22234   1  4097  0.0  1.0   10.392304  -42.000000  146.350000
Element:  22242   -1  4097  0.0  1.0  22235   1  4097  0.0  1.0   15.588456  -39.000000  146.350000
Element:  22258   -1  4097  0.0  1.0  22264   1  4097  0.0  1.0   20.784609  -36.000000  146.350000
Element:  22262   -1  4097  0.0  1.0  22265   1  4097  0.0  1.0   25.980761  -33.000000  146.350000
Element:  22270   -1  4097  0.0  1.0  22266   1  4097  0.0  1.0   31.176912  -30.000000  146.350000
Element:  22274   -1  4097  0.0  1.0  22267   1  4097  0.0  1.0   36.373062  -27.000000  146.350000
Element:  22290   -1  4097  0.0  1.0  22296   1  4097  0.0  1.0    0.000000  -54.000000  146.350000
Element:  22294   -1  4097  0.0  1.0  22297   1  4097  0.0  1.0    5.196152  -51.000000  146.350000
Element:  22302   -1  4097  0.0  1.0  22298   1  4097  0.0  1.0   10.392304  -48.000000  146.350000
Element:  22306   -1  4097  0.0  1.0  22299   1  4097  0.0  1.0   15.588456  -45.000000  146.350000
Element:  22322   -1  4097  0.0  1.0  22328   1  4097  0.0  1.0   20.784609  -42.000000  146.350000
Element:  22326   -1  4097  0.0  1.0  22329   1  4097  0.0  1.0   25.980761  -39.000000  146.350000
Element:  22334   -1  4097  0.0  1.0  22330   1  4097  0.0  1.0   31.176912  -36.000000  146.350000
Element:  22338   -1  4097  0.0  1.0  22331   1  4097  0.0  1.0   36.373062  -33.000000  146.350000
Element:  22354   -1  4097  0.0  1.0  22360   1  4097  0.0  1.0   41.569218  -30.000000  146.350000
Element:  22358   -1  4097  0.0  1.0  22361   1  4097  0.0  1.0    0.000000  -60.000000  146.350000
Element:  22366   -1  4097  0.0  1.0  22362   1  4097  0.0  1.0    5.196152  -57.000000  146.350000
Element:  22370   -1  4097  0.0  1.0  22363   1  4097  0.0  1.0   10.392304  -54.000000  146.350000
Element:  22386   -1  4097  0.0  1.0  22392   1  4097  0.0  1.0   15.588456  -51.000000  146.350000
Element:  22390   -1  4097  0.0  1.0  22393   1  4097  0.0  1.0   20.784609  -48.000000  146.350000
Element:  22398   -1  4097  0.0  1.0  22394   1  4097  0.0  1.0   25.980761  -45.000000  146.350000
Element:  22402   -1  4097  0.0  1.0  22395   1  4097  0.0  1.0   31.176912  -42.000000  146.350000
Element:  22418   -1  4097  0.0  1.0  22424   1  4097  0.0  1.0   36.373062  -39.000000  146.350000
Element:  22422   -1  4097  0.0  1.0  22425   1  4097  0.0  1.0   41.569218  -36.000000  146.350000
Element:  22430   -1  4097  0.0  1.0  22426   1  4097  0.0  1.0   46.765369  -33.000000  146.350000
Element:  22434   -1  4097  0.0  1.0  22427   1  4097  0.0  1.0   10.392304  -60.000000  146.350000
Element:  22450   -1  4097  0.0  1.0  22456   1  4097  0.0  1.0   15.588456  -57.000000  146.350000
Element:  22454   -1  4097  0.0  1.0  22457   1  4097  0.0  1.0   20.784609  -54.000000  146.350000
Element:  22462   -1  4097  0.0  1.0  22458   1  4097  0.0  1.0   25.980761  -51.000000  146.350000
Element:  22466   -1  4097  0.0  1.0  22459   1  4097  0.0  1.0   31.176912  -48.000000  146.350000
Element:  22482   -1  4097  0.0  1.0  22488   1  4097  0.0  1.0   36.373062  -45.000000  146.350000
Element:  22486   -1  4097  0.0  1.0  22489   1  4097  0.0  1.0   41.569218  -42.000000  146.350000
Element:  22494   -1  4097  0.0  1.0  22490   1  4097  0.0  1.0   46.765369  -39.000000  146.350000
Element:  22498   -1  4097  0.0  1.0  22491   1  4097  0.0  1.0   51.961521  -36.000000  146.350000
Element:  23002   -1  4097  0.0  1.0  23008   1  4097  0.0  1.0    5.196152   -3.000000  146.350000
Element:  23006   -1  4097  0.0  1.0  23009   1  4097  0.0  1.0   10.392304   -6.000000  146.350000
Element:  23014   -1  4097  0.0  1.0  23010   1  4097  0.0  1.0   10.392304    0.000000  146.350000
Element:  23018   -1  4097  0.0  1.0  23011   1  4097  0.0  1.0   15.588456   -9.000000  146.350000
Element:  23034   -1  4097  0.0  1.0  23040   1  4097  0.0  1.0   15.588456   -3.000000  146.350000
Element:  23038   -1  4097  0.0  1.0  23041   1  4097  0.0  1.0   15.588456    3.000000  146.350000
Element:  23046   -1  4097  0.0  1.0  23042   1  4097  0.0  1.0   20.784609  -12.000000  146.350000
Element:  23050   -1  4097  0.0  1.0  23043   1  4097  0.0  1.0   20.784609   -6.000000  146.350000
Element:  23066   -1  4097  0.0  1.0  23072   1  4097  0.0  1.0   20.784609    0.000000  146.350000
Element:  23070   -1  4097  0.0  1.0  23073   1  4097  0.0  1.0   20.784609    6.000000  146.350000
Element:  23078   -1  4097  0.0  1.0  23074   1  4097  0.0  1.0   25.980761  -15.000000  146.350000
Element:  23082   -1  4097  0.0  1.0  23075   1  4097  0.0  1.0   25.980761   -9.000000  146.350000
Element:  23098   -1  4097  0.0  1.0  23104   1  4097  0.0  1.0   25.980761   -3.000000  146.350000
Element:  23102   -1  4097  0.0  1.0  23105   1  4097  0.0  1.0   25.980761    3.000000  146.350000
Element:  23110   -1  4097  0.0  1.0  23106   1  4097  0.0  1.0   25.980761    9.000000  146.350000
Element:  23114   -1  4097  0.0  1.0  23107   1  4097  0.0  1.0   31.176912  -18.000000  146.350000
Element:  23130   -1  4097  0.0  1.0  23136   1  4097  0.0  1.0   31.176912  -12.000000  146.350000
Element:  23134   -1  4097  0.0  1.0  23137   1  4097  0.0  1.0   31.176912   -6.000000  146.350000
Element:  23142   -1  4097  0.0  1.0  23138   1  4097  0.0  1.0   31.176912    0.000000  146.350000
Element:  23146   -1  4097  0.0  1.0  23139   1  4097  0.0  1.0   31.176912    6.000000  146.350000
Element:  23162   -1  4097  0.0  1.0  23168   1  4097  0.0  1.0   31.176912   12.000000  146.350000
Element:  23166   -1  4097  0.0  1.0  23169   1  4097  0.0  1.0   36.373062  -21.000000  146.350000
Element:  23174   -1  4097  0.0  1.0  23170   1  4097  0.0  1.0   36.373062  -15.000000  146.350000
Element:  23178   -1  4097  0.0  1.0  23171   1  4097  0.0  1.0   36.373062   -9.000000  146.350000
Element:  23194   -1  4097  0.0  1.0  23200   1  4097  0.0  1.0   36.373062   -3.000000  146.350000
Element:  23198   -1  4097  0.0  1.0  23201   1  4097  0.0  1.0   36.373062    3.000000  146.350000
Element:  23206   -1  4097  0.0  1.0  23202   1  4097  0.0  1.0   36.373062    9.000000  146.350000
Element:  23210   -1  4097  0.0  1.0  23203   1  4097  0.0  1.0   36.373062   15.000000  146.350000
Element:  23226   -1  4097  0.0  1.0  23232   1  4097  0.0  1.0   41.569218  -24.000000  146.350000
Element:  23230   -1  4097  0.0  1.0  23233   1  4097  0.0  1.0   41.569218  -18.000000  146.350000
Element:  23238   -1  4097  0.0  1.0  23234   1  4097  0.0  1.0   41.569218  -12.000000  146.350000
Element:  23242   -1  4097  0.0  1.0  23235   1  4097  0.0  1.0   41.569218   -6.000000  146.350000
Element:  23258   -1  4097  0.0  1.0  23264   1  4097  0.0  1.0   41.569218    0.000000  146.350000
Element:  23262   -1  4097  0.0  1.0  23265   1  4097  0.0  1.0   41.569218    6.000000  146.350000
Element:  23270   -1  4097  0.0  1.0  23266   1  4097  0.0  1.0   41.569218   12.000000  146.350000
Element:  23274   -1  4097  0.0  1.0  23267   1  4097  0.0  1.0   41.569218   18.000000  146.350000
Element:  23290   -1  4097  0.0  1.0  23296   1  4097  0.0  1.0   46.765369  -27.000000  146.350000
Element:  23294   -1  4097  0.0  1.0  23297   1  4097  0.0  1.0   46.765369  -21.000000  146.350000
Element:  23302   -1  4097  0.0  1.0  23298   1  4097  0.0  1.0   46.765369  -15.000000  146.350000
Element:  23306   -1  4097  0.0  1.0  23299   1  4097  0.0  1.0   46.765369   -9.000000  146.350000
Element:  23322   -1  4097  0.0  1.0  23328   1  4097  0.0  1.0   46.765369   -3.000000  146.350000
Element:  23326   -1  4097  0.0  1.0  23329   1  4097  0.0  1.0   46.765369    3.000000  146.350000
Element:  23334   -1  4097  0.0  1.0  23330   1  4097  0.0  1.0   46.765369    9.000000  146.350000
Element:  23338   -1  4097  0.0  1.0  23331   1  4097  0.0  1.0   46.765369   15.000000  146.350000
Element:  23354   -1  4097  0.0  1.0  23360   1  4097  0.0  1.0   46.765369   21.000000  146.350000
Element:  23358   -1  4097  0.0  1.0  23361   1  4097  0.0  1.0   51.961521  -30.000000  146.350000
Element:  23366   -1  4097  0.0  1.0  23362   1  4097  0.0  1.0   51.961521  -24.000000  146.350000
Element:  23370   -1  4097  0.0  1.0  23363   1  4097  0.0  1.0   51.961521  -18.000000  146.350000
Element:  23386   -1  4097  0.0  1.0  23392   1  4097  0.0  1.0   51.961521  -12.000000  146.350000
Element:  23390   -1  4097  0.0  1.0  23393   1  4097  0.0  1.0   51.961521   -6.000000  146.350000
Element:  23398   -1  4097  0.0  1.0  23394   1  4097  0.0  1.0   51.961521    0.000000  146.350000
Element:  23402   -1  4097  0.0  1.0  23395   1  4097  0.0  1.0   51.961521    6.000000  146.350000
Element:  23418   -1  4097  0.0  1.0  23424   1  4097  0.0  1.0   51.961521   12.000000  146.350000
Element:  23422   -1  4097  0.0  1.0  23425   1  4097  0.0  1.0   51.961521   18.000000  146.350000
Element:  23430   -1  4097  0.0  1.0  23426   1  4097  0.0  1.0   51.961521   24.000000  146.350000
Element:  23434   -1  4097  0.0  1.0  23427   1  4097  0.0  1.0   57.157672  -27.000000  146.350000
Element:  23450   -1  4097  0.0  1.0  23456   1  4097  0.0  1.0   57.157662  -21.000000  146.350000
Element:  23454   -1  4097  0.0  1.0  23457   1  4097  0.0  1.0   57.157662  -15.000000  146.350000
Element:  23462   -1  4097  0.0  1.0  23458   1  4097  0.0  1.0   57.157662   -9.000000  146.350000
Element:  23466   -1  4097  0.0  1.0  23459   1  4097  0.0  1.0   57.157662   -3.000000  146.350000
Element:  23482   -1  4097  0.0  1.0  23488   1  4097  0.0  1.0   57.157662    3.000000  146.350000
Element:  23486   -1  4097  0.0  1.0  23489   1  4097  0.0  1.0   57.157662    9.000000  146.350000
Element:  23494   -1  4097  0.0  1.0  23490   1  4097  0.0  1.0   57.157662   15.000000  146.350000
Element:  23498   -1  4097  0.0  1.0  23491   1  4097  0.0  1.0   57.157662   21.000000  146.350000
Element:  24002   -1  4097  0.0  1.0  24008   1  4097  0.0  1.0    5.196152    3.000000  146.350000
Element:  24006   -1  4097  0.0  1.0  24009   1  4097  0.0  1.0   10.392304    6.000000  146.350000
Element:  24014   -1  4097  0.0  1.0  24010   1  4097  0.0  1.0    5.196152    9.000000  146.350000
Element:  24018   -1  4097  0.0  1.0  24011   1  4097  0.0  1.0   15.588456    9.000000  146.350000
Element:  24034   -1  4097  0.0  1.0  24040   1  4097  0.0  1.0   10.392304   12.000000  146.350000
Element:  24038   -1  4097  0.0  1.0  24041   1  4097  0.0  1.0    5.196152   15.000000  146.350000
Element:  24046   -1  4097  0.0  1.0  24042   1  4097  0.0  1.0   20.784609   12.000000  146.350000
Element:  24050   -1  4097  0.0  1.0  24043   1  4097  0.0  1.0   15.588456   15.000000  146.350000
Element:  24066   -1  4097  0.0  1.0  24072   1  4097  0.0  1.0   10.392304   18.000000  146.350000
Element:  24070   -1  4097  0.0  1.0  24073   1  4097  0.0  1.0    5.196152   21.000000  146.350000
Element:  24078   -1  4097  0.0  1.0  24074   1  4097  0.0  1.0   25.980761   15.000000  146.350000
Element:  24082   -1  4097  0.0  1.0  24075   1  4097  0.0  1.0   20.784609   18.000000  146.350000
Element:  24098   -1  4097  0.0  1.0  24104   1  4097  0.0  1.0   15.588456   21.000000  146.350000
Element:  24102   -1  4097  0.0  1.0  24105   1  4097  0.0  1.0   10.392304   24.000000  146.350000
Element:  24110   -1  4097  0.0  1.0  24106   1  4097  0.0  1.0    5.196152   27.000000  146.350000
Element:  24114   -1  4097  0.0  1.0  24107   1  4097  0.0  1.0   31.176912   18.000000  146.350000
Element:  24130   -1  4097  0.0  1.0  24136   1  4097  0.0  1.0   25.980761   21.000000  146.350000
Element:  24134   -1  4097  0.0  1.0  24137   1  4097  0.0  1.0   20.784609   24.000000  146.350000
Element:  24142   -1  4097  0.0  1.0  24138   1  4097  0.0  1.0   15.588456   27.000000  146.350000
Element:  24146   -1  4097  0.0  1.0  24139   1  4097  0.0  1.0   10.392304   30.000000  146.350000
Element:  24162   -1  4097  0.0  1.0  24168   1  4097  0.0  1.0    5.196152   33.000000  146.350000
Element:  24166   -1  4097  0.0  1.0  24169   1  4097  0.0  1.0   36.373062   21.000000  146.350000
Element:  24174   -1  4097  0.0  1.0  24170   1  4097  0.0  1.0   31.176912   24.000000  146.350000
Element:  24178   -1  4097  0.0  1.0  24171   1  4097  0.0  1.0   25.980761   27.000000  146.350000
Element:  24194   -1  4097  0.0  1.0  24200   1  4097  0.0  1.0   20.784609   30.000000  146.350000
Element:  24198   -1  4097  0.0  1.0  24201   1  4097  0.0  1.0   15.588456   33.000000  146.350000
Element:  24206   -1  4097  0.0  1.0  24202   1  4097  0.0  1.0   10.392304   36.000000  146.350000
Element:  24210   -1  4097  0.0  1.0  24203   1  4097  0.0  1.0    5.196152   39.000000  146.350000
Element:  24226   -1  4097  0.0  1.0  24232   1  4097  0.0  1.0   41.569218   24.000000  146.350000
Element:  24230   -1  4097  0.0  1.0  24233   1  4097  0.0  1.0   36.373062   27.000000  146.350000
Element:  24238   -1  4097  0.0  1.0  24234   1  4097  0.0  1.0   31.176912   30.000000  146.350000
Element:  24242   -1  4097  0.0  1.0  24235   1  4097  0.0  1.0   25.980761   33.000000  146.350000
Element:  24258   -1  4097  0.0  1.0  24264   1  4097  0.0  1.0   20.784609   36.000000  146.350000
Element:  24262   -1  4097  0.0  1.0  24265   1  4097  0.0  1.0   15.588456   39.000000  146.350000
Element:  24270   -1  4097  0.0  1.0  24266   1  4097  0.0  1.0   10.392304   42.000000  146.350000
Element:  24274   -1  4097  0.0  1.0  24267   1  4097  0.0  1.0    5.196152   45.000000  146.350000
Element:  24290   -1  4097  0.0  1.0  24296   1  4097  0.0  1.0   46.765369   27.000000  146.350000
Element:  24294   -1  4097  0.0  1.0  24297   1  4097  0.0  1.0   41.569218   30.000000  146.350000
Element:  24302   -1  4097  0.0  1.0  24298   1  4097  0.0  1.0   36.373062   33.000000  146.350000
Element:  24306   -1  4097  0.0  1.0  24299   1  4097  0.0  1.0   31.176912   36.000000  146.350000
Element:  24322   -1  4097  0.0  1.0  24328   1  4097  0.0  1.0   25.980761   39.000000  146.350000
Element:  24326   -1  4097  0.0  1.0  24329   1  4097  0.0  1.0   20.784609   42.000000  146.350000
Element:  24334   -1  4097  0.0  1.0  24330   1  4097  0.0  1.0   15.588456   45.000000  146.350000
Element:  24338   -1  4097  0.0  1.0  24331   1  4097  0.0  1.0   10.392304   48.000000  146.350000
Element:  24354   -1  4097  0.0  1.0  24360   1  4097  0.0  1.0    5.196152   51.000000  146.350000
Element:  24358   -1  4097  0.0  1.0  24361   1  4097  0.0  1.0   51.961521   30.000000  146.350000
Element:  24366   -1  4097  0.0  1.0  24362   1  4097  0.0  1.0   46.765369   33.000000  146.350000
Element:  24370   -1  4097  0.0  1.0  24363   1  4097  0.0  1.0   41.569218   36.000000  146.350000
Element:  24386   -1  4097  0.0  1.0  24392   1  4097  0.0  1.0   36.373062   39.000000  146.350000
Element:  24390   -1  4097  0.0  1.0  24393   1  4097  0.0  1.0   31.176912   42.000000  146.350000
Element:  24398   -1  4097  0.0  1.0  24394   1  4097  0.0  1.0   25.980761   45.000000  146.350000
Element:  24402   -1  4097  0.0  1.0  24395   1  4097  0.0  1.0   20.784609   48.000000  146.350000
Element:  24418   -1  4097  0.0  1.0  24424   1  4097  0.0  1.0   15.588456   51.000000  146.350000
Element:  24422   -1  4097  0.0  1.0  24425   1  4097  0.0  1.0   10.392304   54.000000  146.350000
Element:  24430   -1  4097  0.0  1.0  24426   1  4097  0.0  1.0    5.196152   57.000000  146.350000
Element:  24434   -1  4097  0.0  1.0  24427   1  4097  0.0  1.0   51.961521   36.000000  146.350000
Element:  24450   -1  4097  0.0  1.0  24456   1  4097  0.0  1.0   46.765369   39.000000  146.350000
Element:  24454   -1  4097  0.0  1.0  24457   1  4097  0.0  1.0   41.569218   42.000000  146.350000
Element:  24462   -1  4097  0.0  1.0  24458   1  4097  0.0  1.0   36.373062   45.000000  146.350000
Element:  24466   -1  4097  0.0  1.0  24459   1  4097  0.0  1.0   31.176912   48.000000  146.350000
Element:  24482   -1  4097  0.0  1.0  24488   1  4097  0.0  1.0   25.980761   51.000000  146.350000
Element:  24486   -1  4097  0.0  1.0  24489   1  4097  0.0  1.0   20.784609   54.000000  146.350000
Element:  24494   -1  4097  0.0  1.0  24490   1  4097  0.0  1.0   15.588456   57.000000  146.350000
Element:  24498   -1  4097  0.0  1.0  24491   1  4097  0.0  1.0   10.392304   60.000000  146.350000
Element:  25002   -1  4097  0.0  1.0  25008   1  4097  0.0  1.0    0.000000    6.000000  146.350000
Element:  25006   -1  4097  0.0  1.0  25009   1  4097  0.0  1.0    0.000000   12.000000  146.350000
Element:  25014   -1  4097  0.0  1.0  25010   1  4097  0.0  1.0   -5.196152    9.000000  146.350000
Element:  25018   -1  4097  0.0  1.0  25011   1  4097  0.0  1.0    0.000000   18.000000  146.350000
Element:  25034   -1  4097  0.0  1.0  25040   1  4097  0.0  1.0   -5.196152   15.000000  146.350000
Element:  25038   -1  4097  0.0  1.0  25041   1  4097  0.0  1.0  -10.392304   12.000000  146.350000
Element:  25046   -1  4097  0.0  1.0  25042   1  4097  0.0  1.0    0.000000   24.000000  146.350000
Element:  25050   -1  4097  0.0  1.0  25043   1  4097  0.0  1.0   -5.196152   21.000000  146.350000
Element:  25066   -1  4097  0.0  1.0  25072   1  4097  0.0  1.0  -10.392304   18.000000  146.350000
Element:  25070   -1  4097  0.0  1.0  25073   1  4097  0.0  1.0  -15.588456   15.000000  146.350000
Element:  25078   -1  4097  0.0  1.0  25074   1  4097  0.0  1.0    0.000000   30.000000  146.350000
Element:  25082   -1  4097  0.0  1.0  25075   1  4097  0.0  1.0   -5.196152   27.000000  146.350000
Element:  25098   -1  4097  0.0  1.0  25104   1  4097  0.0  1.0  -10.392304   24.000000  146.350000
Element:  25102   -1  4097  0.0  1.0  25105   1  4097  0.0  1.0  -15.588456   21.000000  146.350000
Element:  25110   -1  4097  0.0  1.0  25106   1  4097  0.0  1.0  -20.784609   18.000000  146.350000
Element:  25114   -1  4097  0.0  1.0  25107   1  4097  0.0  1.0    0.000000   36.000000  146.350000
Element:  25130   -1  4097  0.0  1.0  25136   1  4097  0.0  1.0   -5.196152   33.000000  146.350000
Element:  25134   -1  4097  0.0  1.0  25137   1  4097  0.0  1.0  -10.392304   30.000000  146.350000
Element:  25142   -1  4097  0.0  1.0  25138   1  4097  0.0  1.0  -15.588456   27.000000  146.350000
Element:  25146   -1  4097  0.0  1.0  25139   1  4097  0.0  1.0  -20.784609   24.000000  146.350000
Element:  25162   -1  4097  0.0  1.0  25168   1  4097  0.0  1.0  -25.980761   21.000000  146.350000
Element:  25166   -1  4097  0.0  1.0  25169   1  4097  0.0  1.0    0.000000   42.000000  146.350000
Element:  25174   -1  4097  0.0  1.0  25170   1  4097  0.0  1.0   -5.196152   39.000000  146.350000
Element:  25178   -1  4097  0.0  1.0  25171   1  4097  0.0  1.0  -10.392304   36.000000  146.350000
Element:  25194   -1  4097  0.0  1.0  25200   1  4097  0.0  1.0  -15.588456   33.000000  146.350000
Element:  25198   -1  4097  0.0  1.0  25201   1  4097  0.0  1.0  -20.784609   30.000000  146.350000
Element:  25206   -1  4097  0.0  1.0  25202   1  4097  0.0  1.0  -25.980761   27.000000  146.350000
Element:  25210   -1  4097  0.0  1.0  25203   1  4097  0.0  1.0  -31.176912   24.000000  146.350000
Element:  25226   -1  4097  0.0  1.0  25232   1  4097  0.0  1.0    0.000000   48.000000  146.350000
Element:  25230   -1  4097  0.0  1.0  25233   1  4097  0.0  1.0   -5.196152   45.000000  146.350000
Element:  25238   -1  4097  0.0  1.0  25234   1  4097  0.0  1.0  -10.392304   42.000000  146.350000
Element:  25242   -1  4097  0.0  1.0  25235   1  4097  0.0  1.0  -15.588456   39.000000  146.350000
Element:  25258   -1  4097  0.0  1.0  25264   1  4097  0.0  1.0  -20.784609   36.000000  146.350000
Element:  25262   -1  4097  0.0  1.0  25265   1  4097  0.0  1.0  -25.980761   33.000000  146.350000
Element:  25270   -1  4097  0.0  1.0  25266   1  4097  0.0  1.0  -31.176912   30.000000  146.350000
Element:  25274   -1  4097  0.0  1.0  25267   1  4097  0.0  1.0  -36.373062   27.000000  146.350000
Element:  25290   -1  4097  0.0  1.0  25296   1  4097  0.0  1.0    0.000000   54.000000  146.350000
Element:  25294   -1  4097  0.0  1.0  25297   1  4097  0.0  1.0   -5.196152   51.000000  146.350000
Element:  25302   -1  4097  0.0  1.0  25298   1  4097  0.0  1.0  -10.392304   48.000000  146.350000
Element:  25306   -1  4097  0.0  1.0  25299   1  4097  0.0  1.0  -15.588456   45.000000  146.350000
Element:  25322   -1  4097  0.0  1.0  25328   1  4097  0.0  1.0  -20.784609   42.000000  146.350000
Element:  25326   -1  4097  0.0  1.0  25329   1  4097  0.0  1.0  -25.980761   39.000000  146.350000
Element:  25334   -1  4097  0.0  1.0  25330   1  4097  0.0  1.0  -31.176912   36.000000  146.350000
Element:  25338   -1  4097  0.0  1.0  25331   1  4097  0.0  1.0  -36.373062   33.000000  146.350000
Element:  25354   -1  4097  0.0  1.0  25360   1  4097  0.0  1.0  -41.569218   30.000000  146.350000
Element:  25358   -1  4097  0.0  1.0  25361   1  4097  0.0  1.0    0.000000   60.000000  146.350000
Element:  25366   -1  4097  0.0  1.0  25362   1  4097  0.0  1.0   -5.196152   57.000000  146.350000
Element:  25370   -1  4097  0.0  1.0  25363   1  4097  0.0  1.0  -10.392304   54.000000  146.350000
Element:  25386   -1  4097  0.0  1.0  25392   1  4097  0.0  1.0  -15.588456   51.000000  146.350000
Element:  25390   -1  4097  0.0  1.0  25393   1  4097  0.0  1.0  -20.784609   48.000000  146.350000
Element:  25398   -1  4097  0.0  1.0  25394   1  4097  0.0  1.0  -25.980761   45.000000  146.350000
Element:  25402   -1  4097  0.0  1.0  25395   1  4097  0.0  1.0  -31.176912   42.000000  146.350000
Element:  25418   -1  4097  0.0  1.0  25424   1  4097  0.0  1.0  -36.373062   39.000000  146.350000
Element:  25422   -1  4097  0.0  1.0  25425   1  4097  0.0  1.0  -41.569218   36.000000  146.350000
Element:  25430   -1  4097  0.0  1.0  25426   1  4097  0.0  1.0  -46.765369   33.000000  146.350000
Element:  25434   -1  4097  0.0  1.0  25427   1  4097  0.0  1.0  -10.392304   60.000000  146.350000
Element:  25450   -1  4097  0.0  1.0  25456   1  4097  0.0  1.0  -15.588456   57.000000  146.350000
Element:  25454   -1  4097  0.0  1.0  25457   1  4097  0.0  1.0  -20.784609   54.000000  146.350000
Element:  25462   -1  4097  0.0  1.0  25458   1  4097  0.0  1.0  -25.980761   51.000000  146.350000
Element:  25466   -1  4097  0.0  1.0  25459   1  4097  0.0  1.0  -31.176912   48.000000  146.350000
Element:  25482   -1  4097  0.0  1.0  25488   1  4097  0.0  1.0  -36.373064   45.000000  146.350000
Element:  25486   -1  4097  0.0  1.0  25489   1  4097  0.0  1.0  -41.569216   42.000000  146.350000
Element:  25494   -1  4097  0.0  1.0  25490   1  4097  0.0  1.0  -46.765368   39.000000  146.350000
Element:  25498   -1  4097  0.0  1.0  25491   1  4097  0.0  1.0  -51.961520   36.000000  146.350000
##
Initialise:
##
#Display:    1D      Energy      4096    0   4096    0   384
#Display:    1D      Time        4096    0   4096    0   384
##
