##
Size:  384    1       1       1
RawHits:
Element: 26008  -1  4097  0.0  1.0   26000  -1  4097  0.0  1.0    -5.196152    3.000000  146.350000 
Element: 26009  -1  4097  0.0  1.0   26004  -1  4097  0.0  1.0   -10.392304    6.000000  146.350000
Element: 26010  -1  4097  0.0  1.0   26001  -1  4097  0.0  1.0   -10.392304    0.000000  146.350000
Element: 26011  -1  4097  0.0  1.0   26005  -1  4097  0.0  1.0   -15.588456    9.000000  146.350000
Element: 26012  -1  4097  0.0  1.0   26002  -1  4097  0.0  1.0   -15.588456    3.000000  146.350000
Element: 26013  -1  4097  0.0  1.0   26006  -1  4097  0.0  1.0   -15.588456   -3.000000  146.350000
Element: 26014  -1  4097  0.0  1.0   26003  -1  4097  0.0  1.0   -20.784609   12.000000  146.350000
Element: 26015  -1  4097  0.0  1.0   26007  -1  4097  0.0  1.0   -20.784609    6.000000  146.350000
Element: 26040  -1  4097  0.0  1.0   26032  -1  4097  0.0  1.0   -20.784609    0.000000  146.350000
Element: 26041  -1  4097  0.0  1.0   26036  -1  4097  0.0  1.0   -20.784609   -6.000000  146.350000
Element: 26042  -1  4097  0.0  1.0   26033  -1  4097  0.0  1.0   -25.980761   15.000000  146.350000
Element: 26043  -1  4097  0.0  1.0   26037  -1  4097  0.0  1.0   -25.980761    9.000000  146.350000
Element: 26044  -1  4097  0.0  1.0   26034  -1  4097  0.0  1.0   -25.980761    3.000000  146.350000
Element: 26045  -1  4097  0.0  1.0   26038  -1  4097  0.0  1.0   -25.980761   -3.000000  146.350000
Element: 26046  -1  4097  0.0  1.0   26035  -1  4097  0.0  1.0   -25.980761   -9.000000  146.350000
Element: 26047  -1  4097  0.0  1.0   26039  -1  4097  0.0  1.0   -31.176912   18.000000  146.350000
Element: 26072  -1  4097  0.0  1.0   26064  -1  4097  0.0  1.0   -31.176912   12.000000  146.350000
Element: 26073  -1  4097  0.0  1.0   26068  -1  4097  0.0  1.0   -31.176912    6.000000  146.350000
Element: 26074  -1  4097  0.0  1.0   26065  -1  4097  0.0  1.0   -31.176912    0.000000  146.350000
Element: 26075  -1  4097  0.0  1.0   26069  -1  4097  0.0  1.0   -31.176912   -6.000000  146.350000
Element: 26076  -1  4097  0.0  1.0   26066  -1  4097  0.0  1.0   -31.176912  -12.000000  146.350000
Element: 26077  -1  4097  0.0  1.0   26070  -1  4097  0.0  1.0   -36.373062   21.000000  146.350000
Element: 26078  -1  4097  0.0  1.0   26067  -1  4097  0.0  1.0   -36.373062   15.000000  146.350000
Element: 26079  -1  4097  0.0  1.0   26071  -1  4097  0.0  1.0   -36.373062    9.000000  146.350000
Element: 26104  -1  4097  0.0  1.0   26096  -1  4097  0.0  1.0   -36.373062    3.000000  146.350000
Element: 26105  -1  4097  0.0  1.0   26100  -1  4097  0.0  1.0   -36.373062   -3.000000  146.350000
Element: 26106  -1  4097  0.0  1.0   26097  -1  4097  0.0  1.0   -36.373062   -9.000000  146.350000
Element: 26107  -1  4097  0.0  1.0   26101  -1  4097  0.0  1.0   -36.373062  -15.000000  146.350000
Element: 26108  -1  4097  0.0  1.0   26098  -1  4097  0.0  1.0   -41.569218   24.000000  146.350000
Element: 26109  -1  4097  0.0  1.0   26102  -1  4097  0.0  1.0   -41.569218   18.000000  146.350000
Element: 26110  -1  4097  0.0  1.0   26099  -1  4097  0.0  1.0   -41.569218   12.000000  146.350000
Element: 26111  -1  4097  0.0  1.0   26103  -1  4097  0.0  1.0   -41.569218    6.000000  146.350000
Element: 26136  -1  4097  0.0  1.0   26128  -1  4097  0.0  1.0   -41.569218    0.000000  146.350000
Element: 26137  -1  4097  0.0  1.0   26132  -1  4097  0.0  1.0   -41.569218   -6.000000  146.350000
Element: 26138  -1  4097  0.0  1.0   26129  -1  4097  0.0  1.0   -41.569218  -12.000000  146.350000
Element: 26139  -1  4097  0.0  1.0   26133  -1  4097  0.0  1.0   -41.569218  -18.000000  146.350000
Element: 26140  -1  4097  0.0  1.0   26130  -1  4097  0.0  1.0   -46.765369   27.000000  146.350000
Element: 26141  -1  4097  0.0  1.0   26134  -1  4097  0.0  1.0   -46.765369   21.000000  146.350000
Element: 26142  -1  4097  0.0  1.0   26131  -1  4097  0.0  1.0   -46.765369   15.000000  146.350000
Element: 26143  -1  4097  0.0  1.0   26135  -1  4097  0.0  1.0   -46.765369    9.000000  146.350000
Element: 26168  -1  4097  0.0  1.0   26160  -1  4097  0.0  1.0   -46.765369    3.000000  146.350000
Element: 26169  -1  4097  0.0  1.0   26164  -1  4097  0.0  1.0   -46.765369   -3.000000  146.350000
Element: 26170  -1  4097  0.0  1.0   26161  -1  4097  0.0  1.0   -46.765369   -9.000000  146.350000
Element: 26171  -1  4097  0.0  1.0   26165  -1  4097  0.0  1.0   -46.765369  -15.000000  146.350000
Element: 26172  -1  4097  0.0  1.0   26162  -1  4097  0.0  1.0   -46.765369  -21.000000  146.350000
Element: 26173  -1  4097  0.0  1.0   26166  -1  4097  0.0  1.0   -51.961521   30.000000  146.350000
Element: 26174  -1  4097  0.0  1.0   26163  -1  4097  0.0  1.0   -51.961521   24.000000  146.350000
Element: 26175  -1  4097  0.0  1.0   26167  -1  4097  0.0  1.0   -51.961521   18.000000  146.350000
Element: 26200  -1  4097  0.0  1.0   26192  -1  4097  0.0  1.0   -51.961521   12.000000  146.350000
Element: 26201  -1  4097  0.0  1.0   26196  -1  4097  0.0  1.0   -51.961521    6.000000  146.350000
Element: 26202  -1  4097  0.0  1.0   26193  -1  4097  0.0  1.0   -51.961521    0.000000  146.350000
Element: 26203  -1  4097  0.0  1.0   26197  -1  4097  0.0  1.0   -51.961521   -6.000000  146.350000
Element: 26204  -1  4097  0.0  1.0   26194  -1  4097  0.0  1.0   -51.961521  -12.000000  146.350000
Element: 26205  -1  4097  0.0  1.0   26198  -1  4097  0.0  1.0   -51.961521  -18.000000  146.350000
Element: 26206  -1  4097  0.0  1.0   26195  -1  4097  0.0  1.0   -51.961521  -24.000000  146.350000
Element: 26207  -1  4097  0.0  1.0   26199  -1  4097  0.0  1.0   -57.157673   27.000000  146.350000
Element: 26232  -1  4097  0.0  1.0   26224  -1  4097  0.0  1.0   -57.157673   21.000000  146.350000
Element: 26233  -1  4097  0.0  1.0   26228  -1  4097  0.0  1.0   -57.157673   15.000000  146.350000
Element: 26234  -1  4097  0.0  1.0   26225  -1  4097  0.0  1.0   -57.157673    9.000000  146.350000
Element: 26235  -1  4097  0.0  1.0   26229  -1  4097  0.0  1.0   -57.157673    3.000000  146.350000
Element: 26236  -1  4097  0.0  1.0   26226  -1  4097  0.0  1.0   -57.157673   -3.000000  146.350000
Element: 26237  -1  4097  0.0  1.0   26230  -1  4097  0.0  1.0   -57.157673   -9.000000  146.350000
Element: 26238  -1  4097  0.0  1.0   26227  -1  4097  0.0  1.0   -57.157673  -15.000000  146.350000
Element: 26239  -1  4097  0.0  1.0   26231  -1  4097  0.0  1.0   -57.157673  -21.000000  146.350000
Element: 26264  -1  4097  0.0  1.0   26256  -1  4097  0.0  1.0    -5.196152   -3.000000  146.350000
Element: 26265  -1  4097  0.0  1.0   26260  -1  4097  0.0  1.0   -10.392304   -6.000000  146.350000
Element: 26266  -1  4097  0.0  1.0   26257  -1  4097  0.0  1.0    -5.196152   -9.000000  146.350000
Element: 26267  -1  4097  0.0  1.0   26261  -1  4097  0.0  1.0   -15.588456   -9.000000  146.350000
Element: 26268  -1  4097  0.0  1.0   26258  -1  4097  0.0  1.0   -10.392304  -12.000000  146.350000
Element: 26269  -1  4097  0.0  1.0   26262  -1  4097  0.0  1.0    -5.196152  -15.000000  146.350000
Element: 26270  -1  4097  0.0  1.0   26259  -1  4097  0.0  1.0   -20.784609  -12.000000  146.350000
Element: 26271  -1  4097  0.0  1.0   26263  -1  4097  0.0  1.0   -15.588456  -15.000000  146.350000
Element: 26296  -1  4097  0.0  1.0   26288  -1  4097  0.0  1.0   -10.392304  -18.000000  146.350000
Element: 26297  -1  4097  0.0  1.0   26292  -1  4097  0.0  1.0    -5.196152  -21.000000  146.350000
Element: 26298  -1  4097  0.0  1.0   26289  -1  4097  0.0  1.0   -25.980761  -15.000000  146.350000
Element: 26299  -1  4097  0.0  1.0   26293  -1  4097  0.0  1.0   -20.784609  -18.000000  146.350000
Element: 26300  -1  4097  0.0  1.0   26290  -1  4097  0.0  1.0   -15.588456  -21.000000  146.350000
Element: 26301  -1  4097  0.0  1.0   26294  -1  4097  0.0  1.0   -10.392304  -24.000000  146.350000
Element: 26302  -1  4097  0.0  1.0   26291  -1  4097  0.0  1.0    -5.196152  -27.000000  146.350000
Element: 26303  -1  4097  0.0  1.0   26295  -1  4097  0.0  1.0   -31.176912  -18.000000  146.350000
Element: 26328  -1  4097  0.0  1.0   26320  -1  4097  0.0  1.0   -25.980761  -21.000000  146.350000
Element: 26329  -1  4097  0.0  1.0   26324  -1  4097  0.0  1.0   -20.784609  -24.000000  146.350000
Element: 26330  -1  4097  0.0  1.0   26321  -1  4097  0.0  1.0   -15.588456  -27.000000  146.350000
Element: 26331  -1  4097  0.0  1.0   26325  -1  4097  0.0  1.0   -10.392304  -30.000000  146.350000
Element: 26332  -1  4097  0.0  1.0   26322  -1  4097  0.0  1.0    -5.196152  -33.000000  146.350000
Element: 26333  -1  4097  0.0  1.0   26326  -1  4097  0.0  1.0   -36.373062  -21.000000  146.350000
Element: 26334  -1  4097  0.0  1.0   26323  -1  4097  0.0  1.0   -31.176912  -24.000000  146.350000
Element: 26335  -1  4097  0.0  1.0   26327  -1  4097  0.0  1.0   -25.980761  -27.000000  146.350000
Element: 26360  -1  4097  0.0  1.0   26352  -1  4097  0.0  1.0   -20.784609  -30.000000  146.350000
Element: 26361  -1  4097  0.0  1.0   26356  -1  4097  0.0  1.0   -15.588456  -33.000000  146.350000
Element: 26362  -1  4097  0.0  1.0   26353  -1  4097  0.0  1.0   -10.392304  -36.000000  146.350000
Element: 26363  -1  4097  0.0  1.0   26357  -1  4097  0.0  1.0    -5.196152  -39.000000  146.350000
Element: 26364  -1  4097  0.0  1.0   26354  -1  4097  0.0  1.0   -41.569218  -24.000000  146.350000
Element: 26365  -1  4097  0.0  1.0   26358  -1  4097  0.0  1.0   -36.373062  -27.000000  146.350000
Element: 26366  -1  4097  0.0  1.0   26355  -1  4097  0.0  1.0   -31.176912  -30.000000  146.350000
Element: 26367  -1  4097  0.0  1.0   26359  -1  4097  0.0  1.0   -25.980761  -33.000000  146.350000
Element: 26392  -1  4097  0.0  1.0   26384  -1  4097  0.0  1.0   -20.784609  -36.000000  146.350000
Element: 26393  -1  4097  0.0  1.0   26388  -1  4097  0.0  1.0   -15.588456  -39.000000  146.350000
Element: 26394  -1  4097  0.0  1.0   26385  -1  4097  0.0  1.0   -10.392304  -42.000000  146.350000
Element: 26395  -1  4097  0.0  1.0   26389  -1  4097  0.0  1.0    -5.196152  -45.000000  146.350000
Element: 26396  -1  4097  0.0  1.0   26386  -1  4097  0.0  1.0   -46.765369  -27.000000  146.350000
Element: 26397  -1  4097  0.0  1.0   26390  -1  4097  0.0  1.0   -41.569218  -30.000000  146.350000
Element: 26398  -1  4097  0.0  1.0   26387  -1  4097  0.0  1.0   -36.373062  -33.000000  146.350000
Element: 26399  -1  4097  0.0  1.0   26391  -1  4097  0.0  1.0   -31.176912  -36.000000  146.350000
Element: 26424  -1  4097  0.0  1.0   26416  -1  4097  0.0  1.0   -25.980761  -39.000000  146.350000
Element: 26425  -1  4097  0.0  1.0   26420  -1  4097  0.0  1.0   -20.784609  -42.000000  146.350000
Element: 26426  -1  4097  0.0  1.0   26417  -1  4097  0.0  1.0   -15.588456  -45.000000  146.350000
Element: 26427  -1  4097  0.0  1.0   26421  -1  4097  0.0  1.0   -10.392304  -48.000000  146.350000
Element: 26428  -1  4097  0.0  1.0   26418  -1  4097  0.0  1.0    -5.196152  -51.000000  146.350000
Element: 26429  -1  4097  0.0  1.0   26422  -1  4097  0.0  1.0   -51.961521  -30.000000  146.350000
Element: 26430  -1  4097  0.0  1.0   26419  -1  4097  0.0  1.0   -46.765369  -33.000000  146.350000
Element: 26431  -1  4097  0.0  1.0   26423  -1  4097  0.0  1.0   -41.569218  -36.000000  146.350000
Element: 26456  -1  4097  0.0  1.0   26448  -1  4097  0.0  1.0   -36.373062  -39.000000  146.350000
Element: 26457  -1  4097  0.0  1.0   26452  -1  4097  0.0  1.0   -31.176912  -42.000000  146.350000
Element: 26458  -1  4097  0.0  1.0   26449  -1  4097  0.0  1.0   -25.980761  -45.000000  146.350000
Element: 26459  -1  4097  0.0  1.0   26453  -1  4097  0.0  1.0   -20.784609  -48.000000  146.350000
Element: 26460  -1  4097  0.0  1.0   26450  -1  4097  0.0  1.0   -15.588456  -51.000000  146.350000
Element: 26461  -1  4097  0.0  1.0   26454  -1  4097  0.0  1.0   -10.392304  -54.000000  146.350000
Element: 26462  -1  4097  0.0  1.0   26451  -1  4097  0.0  1.0    -5.196152  -57.000000  146.350000
Element: 26463  -1  4097  0.0  1.0   26455  -1  4097  0.0  1.0   -51.961521  -36.000000  146.350000
Element: 26488  -1  4097  0.0  1.0   26480  -1  4097  0.0  1.0   -46.765369  -39.000000  146.350000
Element: 26489  -1  4097  0.0  1.0   26484  -1  4097  0.0  1.0   -41.569218  -42.000000  146.350000
Element: 26490  -1  4097  0.0  1.0   26481  -1  4097  0.0  1.0   -36.373062  -45.000000  146.350000
Element: 26491  -1  4097  0.0  1.0   26485  -1  4097  0.0  1.0   -31.176912  -48.000000  146.350000
Element: 26492  -1  4097  0.0  1.0   26482  -1  4097  0.0  1.0   -25.980761  -51.000000  146.350000
Element: 26493  -1  4097  0.0  1.0   26486  -1  4097  0.0  1.0   -20.784609  -54.000000  146.350000
Element: 26494  -1  4097  0.0  1.0   26483  -1  4097  0.0  1.0   -15.588456  -57.000000  146.350000
Element: 26495  -1  4097  0.0  1.0   26487  -1  4097  0.0  1.0   -10.392304  -60.000000  146.350000
Element: 27008  -1  4097  0.0  1.0   27000  -1  4097  0.0  1.0     0.000000   -6.000000  146.350000
Element: 27009  -1  4097  0.0  1.0   27004  -1  4097  0.0  1.0     0.000000  -12.000000  146.350000
Element: 27010  -1  4097  0.0  1.0   27001  -1  4097  0.0  1.0     5.196152   -9.000000  146.350000
Element: 27011  -1  4097  0.0  1.0   27005  -1  4097  0.0  1.0     0.000000  -18.000000  146.350000
Element: 27012  -1  4097  0.0  1.0   27002  -1  4097  0.0  1.0     5.196152  -15.000000  146.350000
Element: 27013  -1  4097  0.0  1.0   27006  -1  4097  0.0  1.0    10.392304  -12.000000  146.350000
Element: 27014  -1  4097  0.0  1.0   27003  -1  4097  0.0  1.0     0.000000  -24.000000  146.350000
Element: 27015  -1  4097  0.0  1.0   27007  -1  4097  0.0  1.0     5.196152  -21.000000  146.350000
Element: 27040  -1  4097  0.0  1.0   27032  -1  4097  0.0  1.0    10.392304  -18.000000  146.350000
Element: 27041  -1  4097  0.0  1.0   27036  -1  4097  0.0  1.0    15.588456  -15.000000  146.350000
Element: 27042  -1  4097  0.0  1.0   27033  -1  4097  0.0  1.0     0.000000  -30.000000  146.350000
Element: 27043  -1  4097  0.0  1.0   27037  -1  4097  0.0  1.0     5.196152  -27.000000  146.350000
Element: 27044  -1  4097  0.0  1.0   27034  -1  4097  0.0  1.0    10.392304  -24.000000  146.350000
Element: 27045  -1  4097  0.0  1.0   27038  -1  4097  0.0  1.0    15.588456  -21.000000  146.350000
Element: 27046  -1  4097  0.0  1.0   27035  -1  4097  0.0  1.0    20.784609  -18.000000  146.350000
Element: 27047  -1  4097  0.0  1.0   27039  -1  4097  0.0  1.0     0.000000  -36.000000  146.350000
Element: 27072  -1  4097  0.0  1.0   27064  -1  4097  0.0  1.0     5.196152  -33.000000  146.350000
Element: 27073  -1  4097  0.0  1.0   27068  -1  4097  0.0  1.0    10.392304  -30.000000  146.350000
Element: 27074  -1  4097  0.0  1.0   27065  -1  4097  0.0  1.0    15.588456  -27.000000  146.350000
Element: 27075  -1  4097  0.0  1.0   27069  -1  4097  0.0  1.0    20.784609  -24.000000  146.350000
Element: 27076  -1  4097  0.0  1.0   27066  -1  4097  0.0  1.0    25.980761  -21.000000  146.350000
Element: 27077  -1  4097  0.0  1.0   27070  -1  4097  0.0  1.0     0.000000  -42.000000  146.350000
Element: 27078  -1  4097  0.0  1.0   27067  -1  4097  0.0  1.0     5.196152  -39.000000  146.350000
Element: 27079  -1  4097  0.0  1.0   27071  -1  4097  0.0  1.0    10.392304  -36.000000  146.350000
Element: 27104  -1  4097  0.0  1.0   27096  -1  4097  0.0  1.0    15.588456  -33.000000  146.350000
Element: 27105  -1  4097  0.0  1.0   27100  -1  4097  0.0  1.0    20.784609  -30.000000  146.350000
Element: 27106  -1  4097  0.0  1.0   27097  -1  4097  0.0  1.0    25.980761  -27.000000  146.350000
Element: 27107  -1  4097  0.0  1.0   27101  -1  4097  0.0  1.0    31.176912  -24.000000  146.350000
Element: 27108  -1  4097  0.0  1.0   27098  -1  4097  0.0  1.0     0.000000  -48.000000  146.350000
Element: 27109  -1  4097  0.0  1.0   27102  -1  4097  0.0  1.0     5.196152  -45.000000  146.350000
Element: 27110  -1  4097  0.0  1.0   27099  -1  4097  0.0  1.0    10.392304  -42.000000  146.350000
Element: 27111  -1  4097  0.0  1.0   27103  -1  4097  0.0  1.0    15.588456  -39.000000  146.350000
Element: 27136  -1  4097  0.0  1.0   27128  -1  4097  0.0  1.0    20.784609  -36.000000  146.350000
Element: 27137  -1  4097  0.0  1.0   27132  -1  4097  0.0  1.0    25.980761  -33.000000  146.350000
Element: 27138  -1  4097  0.0  1.0   27129  -1  4097  0.0  1.0    31.176912  -30.000000  146.350000
Element: 27139  -1  4097  0.0  1.0   27133  -1  4097  0.0  1.0    36.373062  -27.000000  146.350000
Element: 27140  -1  4097  0.0  1.0   27130  -1  4097  0.0  1.0     0.000000  -54.000000  146.350000
Element: 27141  -1  4097  0.0  1.0   27134  -1  4097  0.0  1.0     5.196152  -51.000000  146.350000
Element: 27142  -1  4097  0.0  1.0   27131  -1  4097  0.0  1.0    10.392304  -48.000000  146.350000
Element: 27143  -1  4097  0.0  1.0   27135  -1  4097  0.0  1.0    15.588456  -45.000000  146.350000
Element: 27168  -1  4097  0.0  1.0   27160  -1  4097  0.0  1.0    20.784609  -42.000000  146.350000
Element: 27169  -1  4097  0.0  1.0   27164  -1  4097  0.0  1.0    25.980761  -39.000000  146.350000
Element: 27170  -1  4097  0.0  1.0   27161  -1  4097  0.0  1.0    31.176912  -36.000000  146.350000
Element: 27171  -1  4097  0.0  1.0   27165  -1  4097  0.0  1.0    36.373062  -33.000000  146.350000
Element: 27172  -1  4097  0.0  1.0   27162  -1  4097  0.0  1.0    41.569218  -30.000000  146.350000
Element: 27173  -1  4097  0.0  1.0   27166  -1  4097  0.0  1.0     0.000000  -60.000000  146.350000
Element: 27174  -1  4097  0.0  1.0   27163  -1  4097  0.0  1.0     5.196152  -57.000000  146.350000
Element: 27175  -1  4097  0.0  1.0   27167  -1  4097  0.0  1.0    10.392304  -54.000000  146.350000
Element: 27200  -1  4097  0.0  1.0   27192  -1  4097  0.0  1.0    15.588456  -51.000000  146.350000
Element: 27201  -1  4097  0.0  1.0   27196  -1  4097  0.0  1.0    20.784609  -48.000000  146.350000
Element: 27202  -1  4097  0.0  1.0   27193  -1  4097  0.0  1.0    25.980761  -45.000000  146.350000
Element: 27203  -1  4097  0.0  1.0   27197  -1  4097  0.0  1.0    31.176912  -42.000000  146.350000
Element: 27204  -1  4097  0.0  1.0   27194  -1  4097  0.0  1.0    36.373062  -39.000000  146.350000
Element: 27205  -1  4097  0.0  1.0   27198  -1  4097  0.0  1.0    41.569218  -36.000000  146.350000
Element: 27206  -1  4097  0.0  1.0   27195  -1  4097  0.0  1.0    46.765369  -33.000000  146.350000
Element: 27207  -1  4097  0.0  1.0   27199  -1  4097  0.0  1.0    10.392304  -60.000000  146.350000
Element: 27232  -1  4097  0.0  1.0   27224  -1  4097  0.0  1.0    15.588456  -57.000000  146.350000
Element: 27233  -1  4097  0.0  1.0   27228  -1  4097  0.0  1.0    20.784609  -54.000000  146.350000
Element: 27234  -1  4097  0.0  1.0   27225  -1  4097  0.0  1.0    25.980761  -51.000000  146.350000
Element: 27235  -1  4097  0.0  1.0   27229  -1  4097  0.0  1.0    31.176912  -48.000000  146.350000
Element: 27236  -1  4097  0.0  1.0   27226  -1  4097  0.0  1.0    36.373062  -45.000000  146.350000
Element: 27237  -1  4097  0.0  1.0   27230  -1  4097  0.0  1.0    41.569218  -42.000000  146.350000
Element: 27238  -1  4097  0.0  1.0   27227  -1  4097  0.0  1.0    46.765369  -39.000000  146.350000
Element: 27239  -1  4097  0.0  1.0   27231  -1  4097  0.0  1.0    51.961521  -36.000000  146.350000
Element: 27264  -1  4097  0.0  1.0   27256  -1  4097  0.0  1.0     5.196152   -3.000000  146.350000
Element: 27265  -1  4097  0.0  1.0   27260  -1  4097  0.0  1.0    10.392304   -6.000000  146.350000
Element: 27266  -1  4097  0.0  1.0   27257  -1  4097  0.0  1.0    10.392304    0.000000  146.350000
Element: 27267  -1  4097  0.0  1.0   27261  -1  4097  0.0  1.0    15.588456   -9.000000  146.350000
Element: 27268  -1  4097  0.0  1.0   27258  -1  4097  0.0  1.0    15.588456   -3.000000  146.350000
Element: 27269  -1  4097  0.0  1.0   27262  -1  4097  0.0  1.0    15.588456    3.000000  146.350000
Element: 27270  -1  4097  0.0  1.0   27259  -1  4097  0.0  1.0    20.784609  -12.000000  146.350000
Element: 27271  -1  4097  0.0  1.0   27263  -1  4097  0.0  1.0    20.784609   -6.000000  146.350000
Element: 27296  -1  4097  0.0  1.0   27288  -1  4097  0.0  1.0    20.784609    0.000000  146.350000
Element: 27297  -1  4097  0.0  1.0   27292  -1  4097  0.0  1.0    20.784609    6.000000  146.350000
Element: 27298  -1  4097  0.0  1.0   27289  -1  4097  0.0  1.0    25.980761  -15.000000  146.350000
Element: 27299  -1  4097  0.0  1.0   27293  -1  4097  0.0  1.0    25.980761   -9.000000  146.350000
Element: 27300  -1  4097  0.0  1.0   27290  -1  4097  0.0  1.0    25.980761   -3.000000  146.350000
Element: 27301  -1  4097  0.0  1.0   27294  -1  4097  0.0  1.0    25.980761    3.000000  146.350000
Element: 27302  -1  4097  0.0  1.0   27291  -1  4097  0.0  1.0    25.980761    9.000000  146.350000
Element: 27303  -1  4097  0.0  1.0   27295  -1  4097  0.0  1.0    31.176912  -18.000000  146.350000
Element: 27328  -1  4097  0.0  1.0   27320  -1  4097  0.0  1.0    31.176912  -12.000000  146.350000
Element: 27329  -1  4097  0.0  1.0   27324  -1  4097  0.0  1.0    31.176912   -6.000000  146.350000
Element: 27330  -1  4097  0.0  1.0   27321  -1  4097  0.0  1.0    31.176912    0.000000  146.350000
Element: 27331  -1  4097  0.0  1.0   27325  -1  4097  0.0  1.0    31.176912    6.000000  146.350000
Element: 27332  -1  4097  0.0  1.0   27322  -1  4097  0.0  1.0    31.176912   12.000000  146.350000
Element: 27333  -1  4097  0.0  1.0   27326  -1  4097  0.0  1.0    36.373062  -21.000000  146.350000
Element: 27334  -1  4097  0.0  1.0   27323  -1  4097  0.0  1.0    36.373062  -15.000000  146.350000
Element: 27335  -1  4097  0.0  1.0   27327  -1  4097  0.0  1.0    36.373062   -9.000000  146.350000
Element: 27360  -1  4097  0.0  1.0   27352  -1  4097  0.0  1.0    36.373062   -3.000000  146.350000
Element: 27361  -1  4097  0.0  1.0   27356  -1  4097  0.0  1.0    36.373062    3.000000  146.350000
Element: 27362  -1  4097  0.0  1.0   27353  -1  4097  0.0  1.0    36.373062    9.000000  146.350000
Element: 27363  -1  4097  0.0  1.0   27357  -1  4097  0.0  1.0    36.373062   15.000000  146.350000
Element: 27364  -1  4097  0.0  1.0   27354  -1  4097  0.0  1.0    41.569218  -24.000000  146.350000
Element: 27365  -1  4097  0.0  1.0   27358  -1  4097  0.0  1.0    41.569218  -18.000000  146.350000
Element: 27366  -1  4097  0.0  1.0   27355  -1  4097  0.0  1.0    41.569218  -12.000000  146.350000
Element: 27367  -1  4097  0.0  1.0   27359  -1  4097  0.0  1.0    41.569218   -6.000000  146.350000
Element: 27392  -1  4097  0.0  1.0   27384  -1  4097  0.0  1.0    41.569218    0.000000  146.350000
Element: 27393  -1  4097  0.0  1.0   27388  -1  4097  0.0  1.0    41.569218    6.000000  146.350000
Element: 27394  -1  4097  0.0  1.0   27385  -1  4097  0.0  1.0    41.569218   12.000000  146.350000
Element: 27395  -1  4097  0.0  1.0   27389  -1  4097  0.0  1.0    41.569218   18.000000  146.350000
Element: 27396  -1  4097  0.0  1.0   27386  -1  4097  0.0  1.0    46.765369  -27.000000  146.350000
Element: 27397  -1  4097  0.0  1.0   27390  -1  4097  0.0  1.0    46.765369  -21.000000  146.350000
Element: 27398  -1  4097  0.0  1.0   27387  -1  4097  0.0  1.0    46.765369  -15.000000  146.350000
Element: 27399  -1  4097  0.0  1.0   27391  -1  4097  0.0  1.0    46.765369   -9.000000  146.350000
Element: 27424  -1  4097  0.0  1.0   27416  -1  4097  0.0  1.0    46.765369   -3.000000  146.350000
Element: 27425  -1  4097  0.0  1.0   27420  -1  4097  0.0  1.0    46.765369    3.000000  146.350000
Element: 27426  -1  4097  0.0  1.0   27417  -1  4097  0.0  1.0    46.765369    9.000000  146.350000
Element: 27427  -1  4097  0.0  1.0   27421  -1  4097  0.0  1.0    46.765369   15.000000  146.350000
Element: 27428  -1  4097  0.0  1.0   27418  -1  4097  0.0  1.0    46.765369   21.000000  146.350000
Element: 27429  -1  4097  0.0  1.0   27422  -1  4097  0.0  1.0    51.961521  -30.000000  146.350000
Element: 27430  -1  4097  0.0  1.0   27419  -1  4097  0.0  1.0    51.961521  -24.000000  146.350000
Element: 27431  -1  4097  0.0  1.0   27423  -1  4097  0.0  1.0    51.961521  -18.000000  146.350000
Element: 27456  -1  4097  0.0  1.0   27448  -1  4097  0.0  1.0    51.961521  -12.000000  146.350000
Element: 27457  -1  4097  0.0  1.0   27452  -1  4097  0.0  1.0    51.961521   -6.000000  146.350000
Element: 27458  -1  4097  0.0  1.0   27449  -1  4097  0.0  1.0    51.961521    0.000000  146.350000
Element: 27459  -1  4097  0.0  1.0   27453  -1  4097  0.0  1.0    51.961521    6.000000  146.350000
Element: 27460  -1  4097  0.0  1.0   27450  -1  4097  0.0  1.0    51.961521   12.000000  146.350000
Element: 27461  -1  4097  0.0  1.0   27454  -1  4097  0.0  1.0    51.961521   18.000000  146.350000
Element: 27462  -1  4097  0.0  1.0   27451  -1  4097  0.0  1.0    51.961521   24.000000  146.350000
Element: 27463  -1  4097  0.0  1.0   27455  -1  4097  0.0  1.0    57.157672  -27.000000  146.350000
Element: 27488  -1  4097  0.0  1.0   27480  -1  4097  0.0  1.0    57.157662  -21.000000  146.350000
Element: 27489  -1  4097  0.0  1.0   27484  -1  4097  0.0  1.0    57.157662  -15.000000  146.350000
Element: 27490  -1  4097  0.0  1.0   27481  -1  4097  0.0  1.0    57.157662   -9.000000  146.350000
Element: 27491  -1  4097  0.0  1.0   27485  -1  4097  0.0  1.0    57.157662   -3.000000  146.350000
Element: 27492  -1  4097  0.0  1.0   27482  -1  4097  0.0  1.0    57.157662    3.000000  146.350000
Element: 27493  -1  4097  0.0  1.0   27486  -1  4097  0.0  1.0    57.157662    9.000000  146.350000
Element: 27494  -1  4097  0.0  1.0   27483  -1  4097  0.0  1.0    57.157662   15.000000  146.350000
Element: 27495  -1  4097  0.0  1.0   27487  -1  4097  0.0  1.0    57.157662   21.000000  146.350000
Element: 28008  -1  4097  0.0  1.0   28000  -1  4097  0.0  1.0     5.196152    3.000000  146.350000
Element: 28009  -1  4097  0.0  1.0   28004  -1  4097  0.0  1.0    10.392304    6.000000  146.350000 
Element: 28010  -1  4097  0.0  1.0   28001  -1  4097  0.0  1.0     5.196152    9.000000  146.350000
Element: 28011  -1  4097  0.0  1.0   28005  -1  4097  0.0  1.0    15.588456    9.000000  146.350000 
Element: 28012  -1  4097  0.0  1.0   28002  -1  4097  0.0  1.0    10.392304   12.000000  146.350000 
Element: 28013  -1  4097  0.0  1.0   28006  -1  4097  0.0  1.0     5.196152   15.000000  146.350000 
Element: 28014  -1  4097  0.0  1.0   28003  -1  4097  0.0  1.0    20.784609   12.000000  146.350000 
Element: 28015  -1  4097  0.0  1.0   28007  -1  4097  0.0  1.0    15.588456   15.000000  146.350000 
Element: 28040  -1  4097  0.0  1.0   28032  -1  4097  0.0  1.0    10.392304   18.000000  146.350000 
Element: 28041  -1  4097  0.0  1.0   28036  -1  4097  0.0  1.0     5.196152   21.000000  146.350000 
Element: 28042  -1  4097  0.0  1.0   28033  -1  4097  0.0  1.0    25.980761   15.000000  146.350000 
Element: 28043  -1  4097  0.0  1.0   28037  -1  4097  0.0  1.0    20.784609   18.000000  146.350000 
Element: 28044  -1  4097  0.0  1.0   28034  -1  4097  0.0  1.0    15.588456   21.000000  146.350000 
Element: 28045  -1  4097  0.0  1.0   28038  -1  4097  0.0  1.0    10.392304   24.000000  146.350000 
Element: 28046  -1  4097  0.0  1.0   28035  -1  4097  0.0  1.0     5.196152   27.000000  146.350000 
Element: 28047  -1  4097  0.0  1.0   28039  -1  4097  0.0  1.0    31.176912   18.000000  146.350000 
Element: 28072  -1  4097  0.0  1.0   28064  -1  4097  0.0  1.0    25.980761   21.000000  146.350000 
Element: 28073  -1  4097  0.0  1.0   28068  -1  4097  0.0  1.0    20.784609   24.000000  146.350000 
Element: 28074  -1  4097  0.0  1.0   28065  -1  4097  0.0  1.0    15.588456   27.000000  146.350000 
Element: 28075  -1  4097  0.0  1.0   28069  -1  4097  0.0  1.0    10.392304   30.000000  146.350000 
Element: 28076  -1  4097  0.0  1.0   28066  -1  4097  0.0  1.0     5.196152   33.000000  146.350000 
Element: 28077  -1  4097  0.0  1.0   28070  -1  4097  0.0  1.0    36.373062   21.000000  146.350000 
Element: 28078  -1  4097  0.0  1.0   28067  -1  4097  0.0  1.0    31.176912   24.000000  146.350000 
Element: 28079  -1  4097  0.0  1.0   28071  -1  4097  0.0  1.0    25.980761   27.000000  146.350000 
Element: 28104  -1  4097  0.0  1.0   28096  -1  4097  0.0  1.0    20.784609   30.000000  146.350000 
Element: 28105  -1  4097  0.0  1.0   28100  -1  4097  0.0  1.0    15.588456   33.000000  146.350000 
Element: 28106  -1  4097  0.0  1.0   28097  -1  4097  0.0  1.0    10.392304   36.000000  146.350000 
Element: 28107  -1  4097  0.0  1.0   28101  -1  4097  0.0  1.0     5.196152   39.000000  146.350000 
Element: 28108  -1  4097  0.0  1.0   28098  -1  4097  0.0  1.0    41.569218   24.000000  146.350000 
Element: 28109  -1  4097  0.0  1.0   28102  -1  4097  0.0  1.0    36.373062   27.000000  146.350000 
Element: 28110  -1  4097  0.0  1.0   28099  -1  4097  0.0  1.0    31.176912   30.000000  146.350000 
Element: 28111  -1  4097  0.0  1.0   28103  -1  4097  0.0  1.0    25.980761   33.000000  146.350000 
Element: 28136  -1  4097  0.0  1.0   28128  -1  4097  0.0  1.0    20.784609   36.000000  146.350000 
Element: 28137  -1  4097  0.0  1.0   28132  -1  4097  0.0  1.0    15.588456   39.000000  146.350000 
Element: 28138  -1  4097  0.0  1.0   28129  -1  4097  0.0  1.0    10.392304   42.000000  146.350000 
Element: 28139  -1  4097  0.0  1.0   28133  -1  4097  0.0  1.0     5.196152   45.000000  146.350000 
Element: 28140  -1  4097  0.0  1.0   28130  -1  4097  0.0  1.0    46.765369   27.000000  146.350000 
Element: 28141  -1  4097  0.0  1.0   28134  -1  4097  0.0  1.0    41.569218   30.000000  146.350000 
Element: 28142  -1  4097  0.0  1.0   28131  -1  4097  0.0  1.0    36.373062   33.000000  146.350000 
Element: 28143  -1  4097  0.0  1.0   28135  -1  4097  0.0  1.0    31.176912   36.000000  146.350000 
Element: 28168  -1  4097  0.0  1.0   28160  -1  4097  0.0  1.0    25.980761   39.000000  146.350000 
Element: 28169  -1  4097  0.0  1.0   28164  -1  4097  0.0  1.0    20.784609   42.000000  146.350000 
Element: 28170  -1  4097  0.0  1.0   28161  -1  4097  0.0  1.0    15.588456   45.000000  146.350000 
Element: 28171  -1  4097  0.0  1.0   28165  -1  4097  0.0  1.0    10.392304   48.000000  146.350000 
Element: 28172  -1  4097  0.0  1.0   28162  -1  4097  0.0  1.0     5.196152   51.000000  146.350000 
Element: 28173  -1  4097  0.0  1.0   28166  -1  4097  0.0  1.0    51.961521   30.000000  146.350000 
Element: 28174  -1  4097  0.0  1.0   28163  -1  4097  0.0  1.0    46.765369   33.000000  146.350000 
Element: 28175  -1  4097  0.0  1.0   28167  -1  4097  0.0  1.0    41.569218   36.000000  146.350000 
Element: 28200  -1  4097  0.0  1.0   28192  -1  4097  0.0  1.0    36.373062   39.000000  146.350000 
Element: 28201  -1  4097  0.0  1.0   28196  -1  4097  0.0  1.0    31.176912   42.000000  146.350000 
Element: 28202  -1  4097  0.0  1.0   28193  -1  4097  0.0  1.0    25.980761   45.000000  146.350000 
Element: 28203  -1  4097  0.0  1.0   28197  -1  4097  0.0  1.0    20.784609   48.000000  146.350000 
Element: 28204  -1  4097  0.0  1.0   28194  -1  4097  0.0  1.0    15.588456   51.000000  146.350000 
Element: 28205  -1  4097  0.0  1.0   28198  -1  4097  0.0  1.0    10.392304   54.000000  146.350000 
Element: 28206  -1  4097  0.0  1.0   28195  -1  4097  0.0  1.0     5.196152   57.000000  146.350000 
Element: 28207  -1  4097  0.0  1.0   28199  -1  4097  0.0  1.0    51.961521   36.000000  146.350000 
Element: 28232  -1  4097  0.0  1.0   28224  -1  4097  0.0  1.0    46.765369   39.000000  146.350000 
Element: 28233  -1  4097  0.0  1.0   28228  -1  4097  0.0  1.0    41.569218   42.000000  146.350000 
Element: 28234  -1  4097  0.0  1.0   28225  -1  4097  0.0  1.0    36.373062   45.000000  146.350000 
Element: 28235  -1  4097  0.0  1.0   28229  -1  4097  0.0  1.0    31.176912   48.000000  146.350000 
Element: 28236  -1  4097  0.0  1.0   28226  -1  4097  0.0  1.0    25.980761   51.000000  146.350000 
Element: 28237  -1  4097  0.0  1.0   28230  -1  4097  0.0  1.0    20.784609   54.000000  146.350000 
Element: 28238  -1  4097  0.0  1.0   28227  -1  4097  0.0  1.0    15.588456   57.000000  146.350000 
Element: 28239  -1  4097  0.0  1.0   28231  -1  4097  0.0  1.0    10.392304   60.000000  146.350000 
Element: 28264  -1  4097  0.0  1.0   28256  -1  4097  0.0  1.0     0.000000    6.000000  146.350000
Element: 28265  -1  4097  0.0  1.0   28260  -1  4097  0.0  1.0     0.000000   12.000000  146.350000
Element: 28266  -1  4097  0.0  1.0   28257  -1  4097  0.0  1.0    -5.196152    9.000000  146.350000
Element: 28267  -1  4097  0.0  1.0   28261  -1  4097  0.0  1.0     0.000000   18.000000  146.350000
Element: 28268  -1  4097  0.0  1.0   28258  -1  4097  0.0  1.0    -5.196152   15.000000  146.350000
Element: 28269  -1  4097  0.0  1.0   28262  -1  4097  0.0  1.0   -10.392304   12.000000  146.350000
Element: 28270  -1  4097  0.0  1.0   28259  -1  4097  0.0  1.0     0.000000   24.000000  146.350000
Element: 28271  -1  4097  0.0  1.0   28263  -1  4097  0.0  1.0    -5.196152   21.000000  146.350000
Element: 28296  -1  4097  0.0  1.0   28288  -1  4097  0.0  1.0   -10.392304   18.000000  146.350000
Element: 28297  -1  4097  0.0  1.0   28292  -1  4097  0.0  1.0   -15.588456   15.000000  146.350000
Element: 28298  -1  4097  0.0  1.0   28289  -1  4097  0.0  1.0     0.000000   30.000000  146.350000
Element: 28299  -1  4097  0.0  1.0   28293  -1  4097  0.0  1.0    -5.196152   27.000000  146.350000
Element: 28300  -1  4097  0.0  1.0   28290  -1  4097  0.0  1.0   -10.392304   24.000000  146.350000
Element: 28301  -1  4097  0.0  1.0   28294  -1  4097  0.0  1.0   -15.588456   21.000000  146.350000
Element: 28302  -1  4097  0.0  1.0   28291  -1  4097  0.0  1.0   -20.784609   18.000000  146.350000
Element: 28303  -1  4097  0.0  1.0   28295  -1  4097  0.0  1.0     0.000000   36.000000  146.350000
Element: 28328  -1  4097  0.0  1.0   28320  -1  4097  0.0  1.0    -5.196152   33.000000  146.350000
Element: 28329  -1  4097  0.0  1.0   28324  -1  4097  0.0  1.0   -10.392304   30.000000  146.350000
Element: 28330  -1  4097  0.0  1.0   28321  -1  4097  0.0  1.0   -15.588456   27.000000  146.350000
Element: 28331  -1  4097  0.0  1.0   28325  -1  4097  0.0  1.0   -20.784609   24.000000  146.350000
Element: 28332  -1  4097  0.0  1.0   28322  -1  4097  0.0  1.0   -25.980761   21.000000  146.350000
Element: 28333  -1  4097  0.0  1.0   28326  -1  4097  0.0  1.0     0.000000   42.000000  146.350000
Element: 28334  -1  4097  0.0  1.0   28323  -1  4097  0.0  1.0    -5.196152   39.000000  146.350000
Element: 28335  -1  4097  0.0  1.0   28327  -1  4097  0.0  1.0   -10.392304   36.000000  146.350000
Element: 28360  -1  4097  0.0  1.0   28352  -1  4097  0.0  1.0   -15.588456   33.000000  146.350000
Element: 28361  -1  4097  0.0  1.0   28356  -1  4097  0.0  1.0   -20.784609   30.000000  146.350000
Element: 28362  -1  4097  0.0  1.0   28353  -1  4097  0.0  1.0   -25.980761   27.000000  146.350000
Element: 28363  -1  4097  0.0  1.0   28357  -1  4097  0.0  1.0   -31.176912   24.000000  146.350000
Element: 28364  -1  4097  0.0  1.0   28354  -1  4097  0.0  1.0     0.000000   48.000000  146.350000
Element: 28365  -1  4097  0.0  1.0   28358  -1  4097  0.0  1.0    -5.196152   45.000000  146.350000
Element: 28366  -1  4097  0.0  1.0   28355  -1  4097  0.0  1.0   -10.392304   42.000000  146.350000
Element: 28367  -1  4097  0.0  1.0   28359  -1  4097  0.0  1.0   -15.588456   39.000000  146.350000
Element: 28392  -1  4097  0.0  1.0   28384  -1  4097  0.0  1.0   -20.784609   36.000000  146.350000
Element: 28393  -1  4097  0.0  1.0   28388  -1  4097  0.0  1.0   -25.980761   33.000000  146.350000
Element: 28394  -1  4097  0.0  1.0   28385  -1  4097  0.0  1.0   -31.176912   30.000000  146.350000
Element: 28395  -1  4097  0.0  1.0   28389  -1  4097  0.0  1.0   -36.373062   27.000000  146.350000
Element: 28396  -1  4097  0.0  1.0   28386  -1  4097  0.0  1.0     0.000000   54.000000  146.350000
Element: 28397  -1  4097  0.0  1.0   28390  -1  4097  0.0  1.0    -5.196152   51.000000  146.350000
Element: 28398  -1  4097  0.0  1.0   28387  -1  4097  0.0  1.0   -10.392304   48.000000  146.350000
Element: 28399  -1  4097  0.0  1.0   28391  -1  4097  0.0  1.0   -15.588456   45.000000  146.350000
Element: 28424  -1  4097  0.0  1.0   28416  -1  4097  0.0  1.0   -20.784609   42.000000  146.350000
Element: 28425  -1  4097  0.0  1.0   28420  -1  4097  0.0  1.0   -25.980761   39.000000  146.350000
Element: 28426  -1  4097  0.0  1.0   28417  -1  4097  0.0  1.0   -31.176912   36.000000  146.350000
Element: 28427  -1  4097  0.0  1.0   28421  -1  4097  0.0  1.0   -36.373062   33.000000  146.350000
Element: 28428  -1  4097  0.0  1.0   28418  -1  4097  0.0  1.0   -41.569218   30.000000  146.350000
Element: 28429  -1  4097  0.0  1.0   28422  -1  4097  0.0  1.0     0.000000   60.000000  146.350000
Element: 28430  -1  4097  0.0  1.0   28419  -1  4097  0.0  1.0    -5.196152   57.000000  146.350000
Element: 28431  -1  4097  0.0  1.0   28423  -1  4097  0.0  1.0   -10.392304   54.000000  146.350000
Element: 28456  -1  4097  0.0  1.0   28448  -1  4097  0.0  1.0   -15.588456   51.000000  146.350000
Element: 28457  -1  4097  0.0  1.0   28452  -1  4097  0.0  1.0   -20.784609   48.000000  146.350000
Element: 28458  -1  4097  0.0  1.0   28449  -1  4097  0.0  1.0   -25.980761   45.000000  146.350000
Element: 28459  -1  4097  0.0  1.0   28453  -1  4097  0.0  1.0   -31.176912   42.000000  146.350000
Element: 28460  -1  4097  0.0  1.0   28450  -1  4097  0.0  1.0   -36.373062   39.000000  146.350000
Element: 28461  -1  4097  0.0  1.0   28454  -1  4097  0.0  1.0   -41.569218   36.000000  146.350000
Element: 28462  -1  4097  0.0  1.0   28451  -1  4097  0.0  1.0   -46.765369   33.000000  146.350000
Element: 28463  -1  4097  0.0  1.0   28455  -1  4097  0.0  1.0   -10.392304   60.000000  146.350000
Element: 28488  -1  4097  0.0  1.0   28480  -1  4097  0.0  1.0   -15.588456   57.000000  146.350000
Element: 28489  -1  4097  0.0  1.0   28484  -1  4097  0.0  1.0   -20.784609   54.000000  146.350000
Element: 28490  -1  4097  0.0  1.0   28481  -1  4097  0.0  1.0   -25.980761   51.000000  146.350000
Element: 28491  -1  4097  0.0  1.0   28485  -1  4097  0.0  1.0   -31.176912   48.000000  146.350000
Element: 28492  -1  4097  0.0  1.0   28482  -1  4097  0.0  1.0   -36.373064   45.000000  146.350000
Element: 28493  -1  4097  0.0  1.0   28486  -1  4097  0.0  1.0   -41.569216   42.000000  146.350000
Element: 28494  -1  4097  0.0  1.0   28483  -1  4097  0.0  1.0   -46.765368   39.000000  146.350000
Element: 28495  -1  4097  0.0  1.0   28487  -1  4097  0.0  1.0   -51.961520   36.000000  146.350000
##
Initialise:
##
#Display:    1D      Energy      4096    0   4096    0   384
#Display:    1D      Time        4096    0   4096    0   384
Display:     2D      Energy    4096 0 4096  -1    Hits   384  0 384  -1
##
