#########################################################################
#                                                                       #
# PbWO4 configuration file                                              #
#                                                                       #
#                                                                       #
##--Update      Tigran Armand Rostomyan  31.Jul.2014                    #
#                                                                       #
#########################################################################
#
## Total # Elements in array, Pulse-Height info? Time info? Position info?
## Info switch is off/on = 0/1
##      Total   Energy? Time?   Position?
#
Size:   72      1       1       1
RawHits:
#BitPattern: data/TAPS.pat
#
#         ADC#      low  high      ped     MeV/ch    TDC#     low     high      Off      ns/ch      Pos x      y     z (cm)
#
# BLOCK A
# 
# 4 PWO Ring 1
Element:   29000    1.0  2000.0   99.919  0.250489  29224M0  -5000.0  5000.0  -5511.00  -0.100000   -3.849    4.333  145.700
Element:   29002    1.0  2000.0   90.040  0.251875  29225M0  -5000.0  5000.0  -5510.00  -0.100000   -3.849    1.667  145.700
Element:   29004    1.0  2000.0   88.658  0.250495  29226M0  -5000.0  5000.0  -5518.00  -0.100000   -6.543    1.667  145.700
Element:   29006    1.0  2000.0  111.257  0.248990  29227M0  -5000.0  5000.0  -5510.00  -0.100000   -6.543    4.333  145.700
#				                  
# 4 PWO Ring 2			                  
Element:   29008    1.0  2000.0  111.853  0.249706  29228M0  -5000.0  5000.0  -5510.00  -0.100000   -9.045    7.333  145.700
Element:   29010    1.0  2000.0   90.709  0.251256  29229M0  -5000.0  5000.0  -5517.00  -0.100000   -9.045    4.667  145.700
Element:   29012    1.0  2000.0   74.927  0.252053  29230M0  -5000.0  5000.0  -5514.00  -0.100000  -11.739    4.667  145.700
Element:   29014    1.0  2000.0  107.364  0.248599  29231M0  -5000.0  5000.0  -5517.00  -0.100000  -11.739    7.333  145.700
#				                  
# 4 PWO Ring 2			                  
Element:   29016    1.0  2000.0   80.836  0.252865  29232M0  -5000.0  5000.0  -5521.00  -0.100000   -9.045    1.333  145.700
Element:   29018    1.0  2000.0  107.387  0.248519  29233M0  -5000.0  5000.0  -5513.00  -0.100000   -9.045   -1.333  145.700
Element:   29020    1.0  2000.0  108.192  0.250995  29234M0  -5000.0  5000.0  -5523.00  -0.100000  -11.739   -1.333  145.700
Element:   29022    1.0  2000.0  125.816  0.249741  29235M0  -5000.0  5000.0  -5516.00  -0.100000  -11.739    1.333  145.700
#				                  
# BLOCK B			                  
#				                  
# 4 PWO Ring 1			                  
Element:   29024    1.0  2000.0   78.488  0.252993  29236M0  -5000.0  5000.0  -5532.00  -0.100000   -3.849   -1.667  145.700
Element:   29026    1.0  2000.0  115.152  0.251643  29237M0  -5000.0  5000.0  -5527.00  -0.100000   -3.849   -4.333  145.700
Element:   29028    1.0  2000.0   89.333  0.246217  29238M0  -5000.0  5000.0  -5529.00  -0.100000   -6.543   -4.333  145.700
Element:   29030    1.0  2000.0  117.708  0.255022  29239M0  -5000.0  5000.0  -5540.00  -0.100000   -6.543   -1.667  145.700
#				                  
# 4 PWO Ring 2			                  
Element:   29032    1.0  2000.0   91.038  0.247559  29240M0  -5000.0  5000.0  -5513.00  -0.100000   -9.045   -4.667  145.700
Element:   29034    1.0  2000.0   96.726  0.247915  29241M0  -5000.0  5000.0  -5515.00  -0.100000   -9.045   -7.333  145.700
Element:   29036    1.0  2000.0  106.620  0.248872  29242M0  -5000.0  5000.0  -5522.00  -0.100000  -11.739   -7.333  145.700
Element:   29038    1.0  2000.0   58.111  0.250937  29243M0  -5000.0  5000.0  -5517.00  -0.100000  -11.739   -4.667  145.700
#				                  
# 4 PWO Ring 2			                  
Element:   29040    1.0  2000.0   93.290  0.252762  29244M0  -5000.0  5000.0  -5532.00  -0.100000   -3.849   -7.667  145.700
Element:   29042    1.0  2000.0   48.984  0.249437  29245M0  -5000.0  5000.0  -5520.00  -0.100000   -3.849  -10.333  145.700
Element:   29044    1.0  2000.0   94.083  0.249904  29246M0  -5000.0  5000.0  -5521.00  -0.100000   -6.543  -10.333  145.700
Element:   29046    1.0  2000.0   99.485  0.254098  29247M0  -5000.0  5000.0  -5527.00  -0.100000   -6.543   -7.667  145.700
#				                  
# BLOCK C			                  
#				                  
# 4 PWO Ring 1			                  
Element:   29048    1.0  2000.0   96.725  0.248404  29248M0  -5000.0  5000.0  -5530.00  -0.100000    1.347   -4.667  145.700
Element:   29050    1.0  2000.0   78.753  0.253459  29249M0  -5000.0  5000.0  -5529.00  -0.100000    1.347   -7.333  145.700
Element:   29052    1.0  2000.0  115.161  0.249666  29250M0  -5000.0  5000.0  -5536.00  -0.100000   -1.347   -7.333  145.700
Element:   29054    1.0  2000.0   59.777  0.250581  29251M0  -5000.0  5000.0  -5538.00  -0.100000   -1.347   -4.667  145.700
#				                  
# 4 PWO Ring 2			                  
Element:   29056    1.0  2000.0   92.722  0.251173  29252M0  -5000.0  5000.0  -5522.00  -0.100000    1.347  -10.667  145.700
Element:   29058    1.0  2000.0   99.540  0.248755  29253M0  -5000.0  5000.0  -5519.00  -0.100000    1.347  -13.333  145.700
Element:   29060    1.0  2000.0  114.988  0.249406  29254M0  -5000.0  5000.0  -5512.00  -0.100000   -1.347  -13.333  145.700
Element:   29062    1.0  2000.0  123.986  0.250142  29255M0  -5000.0  5000.0  -5522.00  -0.100000   -1.347  -10.667  145.700
#				                  
# 4 PWO Ring 2			                  
Element:   29064    1.0  2000.0   61.610  0.252796  29256M0  -5000.0  5000.0  -5516.00  -0.100000    6.543   -7.667  145.700
Element:   29066    1.0  2000.0   98.582  0.250798  29257M0  -5000.0  5000.0  -5517.00  -0.100000    6.543  -10.333  145.700
Element:   29068    1.0  2000.0   62.448  0.249084  29258M0  -5000.0  5000.0  -5506.00  -0.100000    3.849  -10.333  145.700
Element:   29070    1.0  2000.0  103.065  0.250064  29259M0  -5000.0  5000.0  -5518.00  -0.100000    3.849   -7.667  145.700
#				                  
# BLOCK D			                  
#				                  
# 4 PWO Ring 1			                  
Element:   29072    1.0  2000.0   78.820  0.249828  29260M0  -5000.0  5000.0  -5528.00  -0.100000    6.543   -1.667  145.700
Element:   29074    1.0  2000.0  102.490  0.251412  29261M0  -5000.0  5000.0  -5546.00  -0.100000    6.543   -4.333  145.700
Element:   29076    1.0  2000.0  110.294  0.251450  29262M0  -5000.0  5000.0  -5521.00  -0.100000    3.849   -4.333  145.700
Element:   29078    1.0  2000.0  109.386  0.250545  29263M0  -5000.0  5000.0  -5536.00  -0.100000    3.849   -1.667  145.700
#				                  
# 4 PWO Ring 2			                  
Element:   29080    1.0  2000.0   69.008  0.251722  29264M0  -5000.0  5000.0  -5502.00  -0.100000   11.739   -4.667  145.700
Element:   29082    1.0  2000.0   81.745  0.248130  29265M0  -5000.0  5000.0  -5500.00  -0.100000   11.739   -7.333  145.700
Element:   29084    1.0  2000.0  110.912  0.251795  29266M0  -5000.0  5000.0  -5515.00  -0.100000    9.045   -7.333  145.700
Element:   29086    1.0  2000.0   82.545  0.251517  29267M0  -5000.0  5000.0  -5519.00  -0.100000    9.045   -4.667  145.700
#				                  
# 4 PWO Ring 2			                  
Element:   29088    1.0  2000.0   87.296  0.248944  29268M0  -5000.0  5000.0  -5522.00  -0.100000   11.739    1.333  145.700
Element:   29090    1.0  2000.0   95.334  0.257757  29269M0  -5000.0  5000.0  -5523.00  -0.100000   11.739   -1.333  145.700
Element:   29092    1.0  2000.0   97.955  0.253122  29270M0  -5000.0  5000.0  -5522.00  -0.100000    9.045   -1.333  145.700
Element:   29094    1.0  2000.0   83.120  0.252039  29271M0  -5000.0  5000.0  -5521.00  -0.100000    9.045    1.333  145.700
#				                  
# BLOCK E			                  
#				                  
# 4 PWO Ring 1			                  
Element:   29096    1.0  2000.0   85.697  0.251866  29272M0  -5000.0  5000.0  -5522.00  -0.100000    6.543    4.333  145.700
Element:   29098    1.0  2000.0   87.259  0.255789  29273M0  -5000.0  5000.0  -5537.00  -0.100000    6.543    1.667  145.700
Element:   29100    1.0  2000.0   94.262  0.246493  29274M0  -5000.0  5000.0  -5524.00  -0.100000    3.849    1.667  145.700
Element:   29102    1.0  2000.0   90.628  0.249926  29275M0  -5000.0  5000.0  -5529.00  -0.100000    3.849    4.333  145.700
#				                  
# 4 PWO Ring 2			                  
Element:   29104    1.0  2000.0  110.785  0.254202  29276M0  -5000.0  5000.0  -5541.00  -0.100000   11.739    7.333  145.700
Element:   29106    1.0  2000.0   87.572  0.250157  29277M0  -5000.0  5000.0  -5525.00  -0.100000   11.739    4.667  145.700
Element:   29108    1.0  2000.0  100.532  0.251134  29278M0  -5000.0  5000.0  -5525.00  -0.100000    9.045    4.667  145.700
Element:   29110    1.0  2000.0   96.173  0.249701  29279M0  -5000.0  5000.0  -5531.00  -0.100000    9.045    7.333  145.700
#				                  
# 4 PWO Ring 2			                  
Element:   29112    1.0  2000.0   83.513  0.253141  29280M0  -5000.0  5000.0  -5522.00  -0.100000    6.543   10.333  145.700
Element:   29114    1.0  2000.0   82.042  0.252140  29281M0  -5000.0  5000.0  -5521.00  -0.100000    6.543    7.667  145.700
Element:   29116    1.0  2000.0   92.756  0.250140  29282M0  -5000.0  5000.0  -5516.00  -0.100000    3.849    7.667  145.700
Element:   29118    1.0  2000.0   90.250  0.250581  29283M0  -5000.0  5000.0  -5542.00  -0.100000    3.849   10.333  145.700
#				                  
# BLOCK F			                  
#				                  
# 4 PWO Ring 1			                  
Element:   29120    1.0  2000.0   88.617  0.253174  29284M0  -5000.0  5000.0  -5529.00  -0.100000    1.347    7.333  145.700
Element:   29122    1.0  2000.0   86.302  0.249818  29285M0  -5000.0  5000.0  -5530.00  -0.100000    1.347    4.667  145.700
Element:   29124    1.0  2000.0   88.536  0.249922  29286M0  -5000.0  5000.0  -5526.00  -0.100000   -1.347    4.667  145.700
Element:   29126    1.0  2000.0   86.038  0.248663  29287M0  -5000.0  5000.0  -5531.00  -0.100000   -1.347    7.333  145.700
#				                  
# 4 PWO Ring 2			                  
Element:   29128    1.0  2000.0   97.949  0.256333  29288M0  -5000.0  5000.0  -5537.00  -0.100000    1.347   13.333  145.700
Element:   29130    1.0  2000.0   76.882  0.248523  29289M0  -5000.0  5000.0  -5517.00  -0.100000    1.347   10.667  145.700
Element:   29132    1.0  2000.0   81.326  0.251733  29290M0  -5000.0  5000.0  -5519.00  -0.100000   -1.347   10.667  145.700
Element:   29134    1.0  2000.0   80.330  0.254706  29291M0  -5000.0  5000.0  -5524.00  -0.100000   -1.347   13.333  145.700
#				                  
# 4 PWO Ring 2			                  
Element:   29136    1.0  2000.0   84.883  0.250657  29292M0  -5000.0  5000.0  -5528.00  -0.100000   -3.849   10.333  145.700
Element:   29138    1.0  2000.0   86.816  0.249839  29293M0  -5000.0  5000.0  -5526.00  -0.100000   -3.849    7.667  145.700
Element:   29140    1.0  2000.0   85.219  0.248349  29294M0  -5000.0  5000.0  -5530.00  -0.100000   -6.543    7.667  145.700
Element:   29142    1.0  2000.0   91.813  0.247453  29295M0  -5000.0  5000.0  -5530.00  -0.100000   -6.543   10.333  145.700
#
##
Initialise:
##
#####################################################################
##      Histograming of basic detector stuff
#####################################################################
Display: 1D	NADChits    72 0 72
Display: 1D	NTDChits    72 0 72
Display: 1D     Nhits       72 0 72
Display: 1D	ADCHits	    72 0 72 
Display: 1D	TDCHits	    72 0 72 
Display: 1D     Hits        72 0 72 
Display: 1D     EnergyOR    400  0 400
Display: 1D     TimeOR      200 -1000 1000
Display: 2D     TimeOR      200 -1000 1000 -1 EnergyOR        400  0 400 -1
Display: 2D     EnergyOR    200 0 400 -1    Hits   72  0 72 -1
Display: 2D     TimeOR      200 -1000 1000 -1    Hits   72  0 72 -1
Display:  2D	 ClTheta     100 0 25 -1    ClPhi  180 -180 180 -1
#Display: 1D	 Etot        400 0 800
#Display: 1D     Energy      400  0 400     0 72