87.827
92.007
96.192
100.38
104.512
108.768
112.967
117.169
121.375
125.585
129.798
134.015
138.234
142.458
146.685
150.915
155.148
159.325
163.625
167.869
172.115
176.365
180.618
184.875
189.134
193.396
197.662
201.931
206.202
210.477
214.694
219.034
223.316
227.603
231.892
236.184
240.478
244.776
249.076
253.379
257.683
261.991
266.301
270.556
274.929
279.247
283.567
287.89
292.215
296.542
300.871
305.202
309.536
313.872
318.21
322.494
326.892
331.235
335.581
339.93
344.279
348.631
352.984
357.339
361.695
366.053
370.413
374.708
379.138
383.503
387.868
392.235
396.604
400.974
405.344
409.716
414.089
418.463
422.838
427.161
431.593
435.971
440.349
444.729
449.11
453.491
457.872
462.255
466.639
471.022
475.405
479.726
484.174
488.558
492.943
497.328
501.713
506.098
510.483
514.868
519.253
523.638
528.022
532.345
536.789
541.173
545.555
549.937
554.318
558.699
563.08
567.458
571.836
576.214
580.59
584.906
589.34
593.713
598.084
602.455
606.824
611.192
615.558
619.922
624.285
628.646
633.006
637.296
641.718
646.072
650.424
654.773
659.12
663.466
667.808
672.148
676.486
680.822
685.154
689.419
693.811
698.136
702.457
706.776
711.092
715.404
719.714
724.019
728.322
732.621
736.917
741.156
745.498
749.782
754.064
758.341
762.615
766.884
771.149
775.41
779.667
783.92
788.169
792.352
796.651
800.886
805.116
809.341
813.561
817.777
821.987
826.193
830.393
834.588
838.729
842.962
847.141
851.314
855.482
859.644
863.801
867.951
872.096
876.235
880.368
884.44
888.615
892.729
896.837
900.938
905.033
909.121
913.202
917.277
921.345
925.406
929.407
933.507
937.547
941.58
945.605
949.623
953.634
957.637
961.632
965.62
969.6
973.523
977.537
981.494
985.442
989.383
993.315
997.239
1001.15
1005.06
1008.96
1012.85
1016.68
1020.61
1024.47
1028.33
1032.17
1036.01
1039.84
1043.66
1047.47
1051.27
1055.02
1058.85
1062.62
1066.38
1070.14
1073.88
1077.62
1081.34
1085.06
1088.76
1092.42
1096.14
1099.82
1103.49
1107.14
1110.79
1114.42
1118.05
1121.66
1125.26
1128.82
1132.44
1136.01
1139.58
1143.13
1146.67
1150.2
1153.71
1157.22
1160.68
1164.2
1167.68
1171.14
1174.6
1178.04
1181.47
1184.89
1188.3
1191.66
1195.08
1198.45
1201.82
1205.17
1208.51
1211.83
1215.15
1218.45
1221.71
1225.03
1228.3
1231.56
1234.81
1238.04
1241.27
1244.48
1247.68
1250.83
1254.05
1257.21
1260.37
1263.51
1266.64
1269.76
1272.87
1275.96
1279.05
1282.12
1285.14
1288.23
1291.26
1294.29
1297.31
1300.31
1303.3
1306.28
1309.21
1312.21
1315.15
1318.09
1321.01
1323.93
1326.83
1329.72
1332.61
1335.47
1338.3
1341.19
1344.02
1346.84
1349.63
1352.42
1355.22
1358.01
1360.86
1363.75
1366.69
1369.68
1372.72
1375.82
1378.97
1382.15
1385.37
1388.61
1391.87
1395.12
1398.37
1401.59
1404.79
1407.94
1411.05
1414.11
1417.1
1420.02
1422.88
1425.65
1428.34
1430.94
1433.46
1435.88
1438.21
1440.46
1442.63
1444.71
1446.71
