##
Number-Patterns: 4
##
##
## BaF2 CFD pattern 
##	     Name	        #ADCs	#Channels
PatternSize: BaF2_CFD_Pat       192     3072
# Block A
PatternADC: 20020  000  -1  -1  -1  001  -1  -1  -1  -1  -1  -1  -1  -1  -1  -1  -1
PatternADC: 20021  002  -1  -1  -1  003  -1  -1  -1  -1  -1  -1  -1  -1  -1  -1  -1
PatternADC: 20052  004  -1  -1  -1  005  -1  -1  -1  -1  -1  -1  -1  -1  -1  -1  -1
PatternADC: 20053  006  -1  -1  -1  007  -1  -1  -1  -1  -1  -1  -1  -1  -1  -1  -1
PatternADC: 20084  008  -1  -1  -1  009  -1  -1  -1  -1  -1  -1  -1  -1  -1  -1  -1
PatternADC: 20085  010  -1  -1  -1  011  -1  -1  -1  -1  -1  -1  -1  -1  -1  -1  -1
PatternADC: 20116  012  -1  -1  -1  013  -1  -1  -1  -1  -1  -1  -1  -1  -1  -1  -1
PatternADC: 20117  014  -1  -1  -1  015  -1  -1  -1  -1  -1  -1  -1  -1  -1  -1  -1
PatternADC: 20148  016  -1  -1  -1  017  -1  -1  -1  -1  -1  -1  -1  -1  -1  -1  -1
PatternADC: 20149  018  -1  -1  -1  019  -1  -1  -1  -1  -1  -1  -1  -1  -1  -1  -1
PatternADC: 20180  020  -1  -1  -1  021  -1  -1  -1  -1  -1  -1  -1  -1  -1  -1  -1
PatternADC: 20181  022  -1  -1  -1  023  -1  -1  -1  -1  -1  -1  -1  -1  -1  -1  -1
PatternADC: 20212  024  -1  -1  -1  025  -1  -1  -1  -1  -1  -1  -1  -1  -1  -1  -1
PatternADC: 20213  026  -1  -1  -1  027  -1  -1  -1  -1  -1  -1  -1  -1  -1  -1  -1
PatternADC: 20244  028  -1  -1  -1  029  -1  -1  -1  -1  -1  -1  -1  -1  -1  -1  -1
PatternADC: 20245  030  -1  -1  -1  031  -1  -1  -1  -1  -1  -1  -1  -1  -1  -1  -1
PatternADC: 20276  032  -1  -1  -1  033  -1  -1  -1  -1  -1  -1  -1  -1  -1  -1  -1
PatternADC: 20277  034  -1  -1  -1  035  -1  -1  -1  -1  -1  -1  -1  -1  -1  -1  -1
PatternADC: 20308  036  -1  -1  -1  037  -1  -1  -1  -1  -1  -1  -1  -1  -1  -1  -1
PatternADC: 20309  038  -1  -1  -1  039  -1  -1  -1  -1  -1  -1  -1  -1  -1  -1  -1
PatternADC: 20340  040  -1  -1  -1  041  -1  -1  -1  -1  -1  -1  -1  -1  -1  -1  -1
PatternADC: 20341  042  -1  -1  -1  043  -1  -1  -1  -1  -1  -1  -1  -1  -1  -1  -1
PatternADC: 20372  044  -1  -1  -1  045  -1  -1  -1  -1  -1  -1  -1  -1  -1  -1  -1
PatternADC: 20373  046  -1  -1  -1  047  -1  -1  -1  -1  -1  -1  -1  -1  -1  -1  -1
PatternADC: 20404  048  -1  -1  -1  049  -1  -1  -1  -1  -1  -1  -1  -1  -1  -1  -1
PatternADC: 20405  050  -1  -1  -1  051  -1  -1  -1  -1  -1  -1  -1  -1  -1  -1  -1
PatternADC: 20436  052  -1  -1  -1  053  -1  -1  -1  -1  -1  -1  -1  -1  -1  -1  -1
PatternADC: 20437  054  -1  -1  -1  055  -1  -1  -1  -1  -1  -1  -1  -1  -1  -1  -1
PatternADC: 20468  056  -1  -1  -1  057  -1  -1  -1  -1  -1  -1  -1  -1  -1  -1  -1
PatternADC: 20469  058  -1  -1  -1  059  -1  -1  -1  -1  -1  -1  -1  -1  -1  -1  -1
PatternADC: 20500  060  -1  -1  -1  061  -1  -1  -1  -1  -1  -1  -1  -1  -1  -1  -1
PatternADC: 20501  062  -1  -1  -1  063  -1  -1  -1  -1  -1  -1  -1  -1  -1  -1  -1
## Block B
PatternADC: 21020  064  -1  -1  -1  065  -1  -1  -1  -1  -1  -1  -1  -1  -1  -1  -1
PatternADC: 21021  066  -1  -1  -1  067  -1  -1  -1  -1  -1  -1  -1  -1  -1  -1  -1
PatternADC: 21052  068  -1  -1  -1  069  -1  -1  -1  -1  -1  -1  -1  -1  -1  -1  -1
PatternADC: 21053  070  -1  -1  -1  071  -1  -1  -1  -1  -1  -1  -1  -1  -1  -1  -1
PatternADC: 21084  072  -1  -1  -1  073  -1  -1  -1  -1  -1  -1  -1  -1  -1  -1  -1
PatternADC: 21085  074  -1  -1  -1  075  -1  -1  -1  -1  -1  -1  -1  -1  -1  -1  -1
PatternADC: 21116  076  -1  -1  -1  077  -1  -1  -1  -1  -1  -1  -1  -1  -1  -1  -1
PatternADC: 21117  078  -1  -1  -1  079  -1  -1  -1  -1  -1  -1  -1  -1  -1  -1  -1
PatternADC: 21148  080  -1  -1  -1  081  -1  -1  -1  -1  -1  -1  -1  -1  -1  -1  -1
PatternADC: 21149  082  -1  -1  -1  083  -1  -1  -1  -1  -1  -1  -1  -1  -1  -1  -1
PatternADC: 21180  084  -1  -1  -1  085  -1  -1  -1  -1  -1  -1  -1  -1  -1  -1  -1
PatternADC: 21181  086  -1  -1  -1  087  -1  -1  -1  -1  -1  -1  -1  -1  -1  -1  -1
PatternADC: 21212  088  -1  -1  -1  089  -1  -1  -1  -1  -1  -1  -1  -1  -1  -1  -1
PatternADC: 21213  090  -1  -1  -1  091  -1  -1  -1  -1  -1  -1  -1  -1  -1  -1  -1
PatternADC: 21244  092  -1  -1  -1  093  -1  -1  -1  -1  -1  -1  -1  -1  -1  -1  -1
PatternADC: 21245  094  -1  -1  -1  095  -1  -1  -1  -1  -1  -1  -1  -1  -1  -1  -1
PatternADC: 21276  096  -1  -1  -1  097  -1  -1  -1  -1  -1  -1  -1  -1  -1  -1  -1
PatternADC: 21277  098  -1  -1  -1  099  -1  -1  -1  -1  -1  -1  -1  -1  -1  -1  -1
PatternADC: 21308  100  -1  -1  -1  101  -1  -1  -1  -1  -1  -1  -1  -1  -1  -1  -1
PatternADC: 21309  102  -1  -1  -1  103  -1  -1  -1  -1  -1  -1  -1  -1  -1  -1  -1
PatternADC: 21340  104  -1  -1  -1  105  -1  -1  -1  -1  -1  -1  -1  -1  -1  -1  -1
PatternADC: 21341  106  -1  -1  -1  107  -1  -1  -1  -1  -1  -1  -1  -1  -1  -1  -1
PatternADC: 21372  108  -1  -1  -1  109  -1  -1  -1  -1  -1  -1  -1  -1  -1  -1  -1
PatternADC: 21373  110  -1  -1  -1  111  -1  -1  -1  -1  -1  -1  -1  -1  -1  -1  -1
PatternADC: 21404  112  -1  -1  -1  113  -1  -1  -1  -1  -1  -1  -1  -1  -1  -1  -1
PatternADC: 21405  114  -1  -1  -1  115  -1  -1  -1  -1  -1  -1  -1  -1  -1  -1  -1
PatternADC: 21436  116  -1  -1  -1  117  -1  -1  -1  -1  -1  -1  -1  -1  -1  -1  -1
PatternADC: 21437  118  -1  -1  -1  119  -1  -1  -1  -1  -1  -1  -1  -1  -1  -1  -1
PatternADC: 21468  120  -1  -1  -1  121  -1  -1  -1  -1  -1  -1  -1  -1  -1  -1  -1
PatternADC: 21469  122  -1  -1  -1  123  -1  -1  -1  -1  -1  -1  -1  -1  -1  -1  -1
PatternADC: 21500  124  -1  -1  -1  125  -1  -1  -1  -1  -1  -1  -1  -1  -1  -1  -1
PatternADC: 21501  126  -1  -1  -1  127  -1  -1  -1  -1  -1  -1  -1  -1  -1  -1  -1
## Block C
PatternADC: 22020  128  -1  -1  -1  129  -1  -1  -1  -1  -1  -1  -1  -1  -1  -1  -1
PatternADC: 22021  130  -1  -1  -1  131  -1  -1  -1  -1  -1  -1  -1  -1  -1  -1  -1
PatternADC: 22052  132  -1  -1  -1  133  -1  -1  -1  -1  -1  -1  -1  -1  -1  -1  -1
PatternADC: 22053  134  -1  -1  -1  135  -1  -1  -1  -1  -1  -1  -1  -1  -1  -1  -1
PatternADC: 22084  136  -1  -1  -1  137  -1  -1  -1  -1  -1  -1  -1  -1  -1  -1  -1
PatternADC: 22085  138  -1  -1  -1  139  -1  -1  -1  -1  -1  -1  -1  -1  -1  -1  -1
PatternADC: 22116  140  -1  -1  -1  141  -1  -1  -1  -1  -1  -1  -1  -1  -1  -1  -1
PatternADC: 22117  142  -1  -1  -1  143  -1  -1  -1  -1  -1  -1  -1  -1  -1  -1  -1
PatternADC: 22148  144  -1  -1  -1  145  -1  -1  -1  -1  -1  -1  -1  -1  -1  -1  -1
PatternADC: 22149  146  -1  -1  -1  147  -1  -1  -1  -1  -1  -1  -1  -1  -1  -1  -1
PatternADC: 22180  148  -1  -1  -1  149  -1  -1  -1  -1  -1  -1  -1  -1  -1  -1  -1
PatternADC: 22181  150  -1  -1  -1  151  -1  -1  -1  -1  -1  -1  -1  -1  -1  -1  -1
PatternADC: 22212  152  -1  -1  -1  153  -1  -1  -1  -1  -1  -1  -1  -1  -1  -1  -1
PatternADC: 22213  154  -1  -1  -1  155  -1  -1  -1  -1  -1  -1  -1  -1  -1  -1  -1
PatternADC: 22244  156  -1  -1  -1  157  -1  -1  -1  -1  -1  -1  -1  -1  -1  -1  -1
PatternADC: 22245  158  -1  -1  -1  159  -1  -1  -1  -1  -1  -1  -1  -1  -1  -1  -1
PatternADC: 22276  160  -1  -1  -1  161  -1  -1  -1  -1  -1  -1  -1  -1  -1  -1  -1
PatternADC: 22277  162  -1  -1  -1  163  -1  -1  -1  -1  -1  -1  -1  -1  -1  -1  -1
PatternADC: 22308  164  -1  -1  -1  165  -1  -1  -1  -1  -1  -1  -1  -1  -1  -1  -1
PatternADC: 22309  166  -1  -1  -1  167  -1  -1  -1  -1  -1  -1  -1  -1  -1  -1  -1
PatternADC: 22340  168  -1  -1  -1  169  -1  -1  -1  -1  -1  -1  -1  -1  -1  -1  -1
PatternADC: 22341  170  -1  -1  -1  171  -1  -1  -1  -1  -1  -1  -1  -1  -1  -1  -1
PatternADC: 22372  172  -1  -1  -1  173  -1  -1  -1  -1  -1  -1  -1  -1  -1  -1  -1
PatternADC: 22373  174  -1  -1  -1  175  -1  -1  -1  -1  -1  -1  -1  -1  -1  -1  -1
PatternADC: 22404  176  -1  -1  -1  177  -1  -1  -1  -1  -1  -1  -1  -1  -1  -1  -1
PatternADC: 22405  178  -1  -1  -1  179  -1  -1  -1  -1  -1  -1  -1  -1  -1  -1  -1
PatternADC: 22436  180  -1  -1  -1  181  -1  -1  -1  -1  -1  -1  -1  -1  -1  -1  -1
PatternADC: 22437  182  -1  -1  -1  183  -1  -1  -1  -1  -1  -1  -1  -1  -1  -1  -1
PatternADC: 22468  184  -1  -1  -1  185  -1  -1  -1  -1  -1  -1  -1  -1  -1  -1  -1
PatternADC: 22469  186  -1  -1  -1  187  -1  -1  -1  -1  -1  -1  -1  -1  -1  -1  -1
PatternADC: 22500  188  -1  -1  -1  189  -1  -1  -1  -1  -1  -1  -1  -1  -1  -1  -1
PatternADC: 22501  190  -1  -1  -1  191  -1  -1  -1  -1  -1  -1  -1  -1  -1  -1  -1
## Block D
PatternADC: 23020  192  -1  -1  -1  193  -1  -1  -1  -1  -1  -1  -1  -1  -1  -1  -1
PatternADC: 23021  194  -1  -1  -1  195  -1  -1  -1  -1  -1  -1  -1  -1  -1  -1  -1
PatternADC: 23052  196  -1  -1  -1  197  -1  -1  -1  -1  -1  -1  -1  -1  -1  -1  -1
PatternADC: 23053  198  -1  -1  -1  199  -1  -1  -1  -1  -1  -1  -1  -1  -1  -1  -1
PatternADC: 23084  200  -1  -1  -1  201  -1  -1  -1  -1  -1  -1  -1  -1  -1  -1  -1
PatternADC: 23085  202  -1  -1  -1  203  -1  -1  -1  -1  -1  -1  -1  -1  -1  -1  -1
PatternADC: 23116  204  -1  -1  -1  205  -1  -1  -1  -1  -1  -1  -1  -1  -1  -1  -1
PatternADC: 23117  206  -1  -1  -1  207  -1  -1  -1  -1  -1  -1  -1  -1  -1  -1  -1
PatternADC: 23148  208  -1  -1  -1  209  -1  -1  -1  -1  -1  -1  -1  -1  -1  -1  -1
PatternADC: 23149  210  -1  -1  -1  211  -1  -1  -1  -1  -1  -1  -1  -1  -1  -1  -1
PatternADC: 23180  212  -1  -1  -1  213  -1  -1  -1  -1  -1  -1  -1  -1  -1  -1  -1
PatternADC: 23181  214  -1  -1  -1  215  -1  -1  -1  -1  -1  -1  -1  -1  -1  -1  -1
PatternADC: 23212  216  -1  -1  -1  217  -1  -1  -1  -1  -1  -1  -1  -1  -1  -1  -1
PatternADC: 23213  218  -1  -1  -1  219  -1  -1  -1  -1  -1  -1  -1  -1  -1  -1  -1
PatternADC: 23244  220  -1  -1  -1  221  -1  -1  -1  -1  -1  -1  -1  -1  -1  -1  -1
PatternADC: 23245  222  -1  -1  -1  223  -1  -1  -1  -1  -1  -1  -1  -1  -1  -1  -1
PatternADC: 23276  224  -1  -1  -1  225  -1  -1  -1  -1  -1  -1  -1  -1  -1  -1  -1
PatternADC: 23277  226  -1  -1  -1  227  -1  -1  -1  -1  -1  -1  -1  -1  -1  -1  -1
PatternADC: 23308  228  -1  -1  -1  229  -1  -1  -1  -1  -1  -1  -1  -1  -1  -1  -1
PatternADC: 23309  230  -1  -1  -1  231  -1  -1  -1  -1  -1  -1  -1  -1  -1  -1  -1
PatternADC: 23340  232  -1  -1  -1  233  -1  -1  -1  -1  -1  -1  -1  -1  -1  -1  -1
PatternADC: 23341  234  -1  -1  -1  235  -1  -1  -1  -1  -1  -1  -1  -1  -1  -1  -1
PatternADC: 23372  236  -1  -1  -1  237  -1  -1  -1  -1  -1  -1  -1  -1  -1  -1  -1
PatternADC: 23373  238  -1  -1  -1  239  -1  -1  -1  -1  -1  -1  -1  -1  -1  -1  -1
PatternADC: 23404  240  -1  -1  -1  241  -1  -1  -1  -1  -1  -1  -1  -1  -1  -1  -1
PatternADC: 23405  242  -1  -1  -1  243  -1  -1  -1  -1  -1  -1  -1  -1  -1  -1  -1
PatternADC: 23436  244  -1  -1  -1  245  -1  -1  -1  -1  -1  -1  -1  -1  -1  -1  -1
PatternADC: 23437  246  -1  -1  -1  247  -1  -1  -1  -1  -1  -1  -1  -1  -1  -1  -1
PatternADC: 23468  248  -1  -1  -1  249  -1  -1  -1  -1  -1  -1  -1  -1  -1  -1  -1
PatternADC: 23469  250  -1  -1  -1  251  -1  -1  -1  -1  -1  -1  -1  -1  -1  -1  -1
PatternADC: 23500  252  -1  -1  -1  253  -1  -1  -1  -1  -1  -1  -1  -1  -1  -1  -1
PatternADC: 23501  254  -1  -1  -1  255  -1  -1  -1  -1  -1  -1  -1  -1  -1  -1  -1
## Block E
PatternADC: 24020  256  -1  -1  -1  257  -1  -1  -1  -1  -1  -1  -1  -1  -1  -1  -1
PatternADC: 24021  258  -1  -1  -1  259  -1  -1  -1  -1  -1  -1  -1  -1  -1  -1  -1
PatternADC: 24052  260  -1  -1  -1  261  -1  -1  -1  -1  -1  -1  -1  -1  -1  -1  -1
PatternADC: 24053  262  -1  -1  -1  263  -1  -1  -1  -1  -1  -1  -1  -1  -1  -1  -1
PatternADC: 24084  264  -1  -1  -1  265  -1  -1  -1  -1  -1  -1  -1  -1  -1  -1  -1
PatternADC: 24085  266  -1  -1  -1  267  -1  -1  -1  -1  -1  -1  -1  -1  -1  -1  -1
PatternADC: 24116  268  -1  -1  -1  269  -1  -1  -1  -1  -1  -1  -1  -1  -1  -1  -1
PatternADC: 24117  270  -1  -1  -1  271  -1  -1  -1  -1  -1  -1  -1  -1  -1  -1  -1
PatternADC: 24148  272  -1  -1  -1  273  -1  -1  -1  -1  -1  -1  -1  -1  -1  -1  -1
PatternADC: 24149  274  -1  -1  -1  275  -1  -1  -1  -1  -1  -1  -1  -1  -1  -1  -1
PatternADC: 24180  276  -1  -1  -1  277  -1  -1  -1  -1  -1  -1  -1  -1  -1  -1  -1
PatternADC: 24181  278  -1  -1  -1  279  -1  -1  -1  -1  -1  -1  -1  -1  -1  -1  -1
PatternADC: 24212  280  -1  -1  -1  281  -1  -1  -1  -1  -1  -1  -1  -1  -1  -1  -1
PatternADC: 24213  282  -1  -1  -1  283  -1  -1  -1  -1  -1  -1  -1  -1  -1  -1  -1
PatternADC: 24244  284  -1  -1  -1  285  -1  -1  -1  -1  -1  -1  -1  -1  -1  -1  -1
PatternADC: 24245  286  -1  -1  -1  287  -1  -1  -1  -1  -1  -1  -1  -1  -1  -1  -1
PatternADC: 24276  288  -1  -1  -1  289  -1  -1  -1  -1  -1  -1  -1  -1  -1  -1  -1
PatternADC: 24277  290  -1  -1  -1  291  -1  -1  -1  -1  -1  -1  -1  -1  -1  -1  -1
PatternADC: 24308  292  -1  -1  -1  293  -1  -1  -1  -1  -1  -1  -1  -1  -1  -1  -1
PatternADC: 24309  294  -1  -1  -1  295  -1  -1  -1  -1  -1  -1  -1  -1  -1  -1  -1
PatternADC: 24340  296  -1  -1  -1  297  -1  -1  -1  -1  -1  -1  -1  -1  -1  -1  -1
PatternADC: 24341  298  -1  -1  -1  299  -1  -1  -1  -1  -1  -1  -1  -1  -1  -1  -1
PatternADC: 24372  300  -1  -1  -1  301  -1  -1  -1  -1  -1  -1  -1  -1  -1  -1  -1
PatternADC: 24373  302  -1  -1  -1  303  -1  -1  -1  -1  -1  -1  -1  -1  -1  -1  -1
PatternADC: 24404  304  -1  -1  -1  305  -1  -1  -1  -1  -1  -1  -1  -1  -1  -1  -1
PatternADC: 24405  306  -1  -1  -1  307  -1  -1  -1  -1  -1  -1  -1  -1  -1  -1  -1
PatternADC: 24436  308  -1  -1  -1  309  -1  -1  -1  -1  -1  -1  -1  -1  -1  -1  -1
PatternADC: 24437  310  -1  -1  -1  311  -1  -1  -1  -1  -1  -1  -1  -1  -1  -1  -1
PatternADC: 24468  312  -1  -1  -1  313  -1  -1  -1  -1  -1  -1  -1  -1  -1  -1  -1
PatternADC: 24469  314  -1  -1  -1  315  -1  -1  -1  -1  -1  -1  -1  -1  -1  -1  -1
PatternADC: 24500  316  -1  -1  -1  317  -1  -1  -1  -1  -1  -1  -1  -1  -1  -1  -1
PatternADC: 24501  318  -1  -1  -1  319  -1  -1  -1  -1  -1  -1  -1  -1  -1  -1  -1
## Block F
PatternADC: 25020  320  -1  -1  -1  321  -1  -1  -1  -1  -1  -1  -1  -1  -1  -1  -1
PatternADC: 25021  322  -1  -1  -1  323  -1  -1  -1  -1  -1  -1  -1  -1  -1  -1  -1
PatternADC: 25052  324  -1  -1  -1  325  -1  -1  -1  -1  -1  -1  -1  -1  -1  -1  -1
PatternADC: 25053  326  -1  -1  -1  327  -1  -1  -1  -1  -1  -1  -1  -1  -1  -1  -1
PatternADC: 25084  328  -1  -1  -1  329  -1  -1  -1  -1  -1  -1  -1  -1  -1  -1  -1
PatternADC: 25085  330  -1  -1  -1  331  -1  -1  -1  -1  -1  -1  -1  -1  -1  -1  -1
PatternADC: 25116  332  -1  -1  -1  333  -1  -1  -1  -1  -1  -1  -1  -1  -1  -1  -1
PatternADC: 25117  334  -1  -1  -1  335  -1  -1  -1  -1  -1  -1  -1  -1  -1  -1  -1
PatternADC: 25148  336  -1  -1  -1  337  -1  -1  -1  -1  -1  -1  -1  -1  -1  -1  -1
PatternADC: 25149  338  -1  -1  -1  339  -1  -1  -1  -1  -1  -1  -1  -1  -1  -1  -1
PatternADC: 25180  340  -1  -1  -1  341  -1  -1  -1  -1  -1  -1  -1  -1  -1  -1  -1
PatternADC: 25181  342  -1  -1  -1  343  -1  -1  -1  -1  -1  -1  -1  -1  -1  -1  -1
PatternADC: 25212  344  -1  -1  -1  345  -1  -1  -1  -1  -1  -1  -1  -1  -1  -1  -1
PatternADC: 25213  346  -1  -1  -1  347  -1  -1  -1  -1  -1  -1  -1  -1  -1  -1  -1
PatternADC: 25244  348  -1  -1  -1  349  -1  -1  -1  -1  -1  -1  -1  -1  -1  -1  -1
PatternADC: 25245  350  -1  -1  -1  351  -1  -1  -1  -1  -1  -1  -1  -1  -1  -1  -1
PatternADC: 25276  352  -1  -1  -1  353  -1  -1  -1  -1  -1  -1  -1  -1  -1  -1  -1
PatternADC: 25277  354  -1  -1  -1  355  -1  -1  -1  -1  -1  -1  -1  -1  -1  -1  -1
PatternADC: 25308  356  -1  -1  -1  357  -1  -1  -1  -1  -1  -1  -1  -1  -1  -1  -1
PatternADC: 25309  358  -1  -1  -1  359  -1  -1  -1  -1  -1  -1  -1  -1  -1  -1  -1
PatternADC: 25340  360  -1  -1  -1  361  -1  -1  -1  -1  -1  -1  -1  -1  -1  -1  -1
PatternADC: 25341  362  -1  -1  -1  363  -1  -1  -1  -1  -1  -1  -1  -1  -1  -1  -1
PatternADC: 25372  364  -1  -1  -1  365  -1  -1  -1  -1  -1  -1  -1  -1  -1  -1  -1
PatternADC: 25373  366  -1  -1  -1  367  -1  -1  -1  -1  -1  -1  -1  -1  -1  -1  -1
PatternADC: 25404  368  -1  -1  -1  369  -1  -1  -1  -1  -1  -1  -1  -1  -1  -1  -1
PatternADC: 25405  370  -1  -1  -1  371  -1  -1  -1  -1  -1  -1  -1  -1  -1  -1  -1
PatternADC: 25436  372  -1  -1  -1  373  -1  -1  -1  -1  -1  -1  -1  -1  -1  -1  -1
PatternADC: 25437  374  -1  -1  -1  375  -1  -1  -1  -1  -1  -1  -1  -1  -1  -1  -1
PatternADC: 25468  376  -1  -1  -1  377  -1  -1  -1  -1  -1  -1  -1  -1  -1  -1  -1
PatternADC: 25469  378  -1  -1  -1  379  -1  -1  -1  -1  -1  -1  -1  -1  -1  -1  -1
PatternADC: 25500  380  -1  -1  -1  381  -1  -1  -1  -1  -1  -1  -1  -1  -1  -1  -1
PatternADC: 25501  382  -1  -1  -1  383  -1  -1  -1  -1  -1  -1  -1  -1  -1  -1  -1
##
##
## BaF2 LED1 pattern 
##	     Name	        #ADCs	#Channels
PatternSize: BaF2_LED1_Pat      192     3072
# Block A
PatternADC: 20020  -1  000  -1  -1  -1  001  -1  -1  -1  -1  -1  -1  -1  -1  -1  -1
PatternADC: 20021  -1  002  -1  -1  -1  003  -1  -1  -1  -1  -1  -1  -1  -1  -1  -1
PatternADC: 20052  -1  004  -1  -1  -1  005  -1  -1  -1  -1  -1  -1  -1  -1  -1  -1
PatternADC: 20053  -1  006  -1  -1  -1  007  -1  -1  -1  -1  -1  -1  -1  -1  -1  -1
PatternADC: 20084  -1  008  -1  -1  -1  009  -1  -1  -1  -1  -1  -1  -1  -1  -1  -1
PatternADC: 20085  -1  010  -1  -1  -1  011  -1  -1  -1  -1  -1  -1  -1  -1  -1  -1
PatternADC: 20116  -1  012  -1  -1  -1  013  -1  -1  -1  -1  -1  -1  -1  -1  -1  -1
PatternADC: 20117  -1  014  -1  -1  -1  015  -1  -1  -1  -1  -1  -1  -1  -1  -1  -1
PatternADC: 20148  -1  016  -1  -1  -1  017  -1  -1  -1  -1  -1  -1  -1  -1  -1  -1
PatternADC: 20149  -1  018  -1  -1  -1  019  -1  -1  -1  -1  -1  -1  -1  -1  -1  -1
PatternADC: 20180  -1  020  -1  -1  -1  021  -1  -1  -1  -1  -1  -1  -1  -1  -1  -1
PatternADC: 20181  -1  022  -1  -1  -1  023  -1  -1  -1  -1  -1  -1  -1  -1  -1  -1
PatternADC: 20212  -1  024  -1  -1  -1  025  -1  -1  -1  -1  -1  -1  -1  -1  -1  -1
PatternADC: 20213  -1  026  -1  -1  -1  027  -1  -1  -1  -1  -1  -1  -1  -1  -1  -1
PatternADC: 20244  -1  028  -1  -1  -1  029  -1  -1  -1  -1  -1  -1  -1  -1  -1  -1
PatternADC: 20245  -1  030  -1  -1  -1  031  -1  -1  -1  -1  -1  -1  -1  -1  -1  -1
PatternADC: 20276  -1  032  -1  -1  -1  033  -1  -1  -1  -1  -1  -1  -1  -1  -1  -1
PatternADC: 20277  -1  034  -1  -1  -1  035  -1  -1  -1  -1  -1  -1  -1  -1  -1  -1
PatternADC: 20308  -1  036  -1  -1  -1  037  -1  -1  -1  -1  -1  -1  -1  -1  -1  -1
PatternADC: 20309  -1  038  -1  -1  -1  039  -1  -1  -1  -1  -1  -1  -1  -1  -1  -1
PatternADC: 20340  -1  040  -1  -1  -1  041  -1  -1  -1  -1  -1  -1  -1  -1  -1  -1
PatternADC: 20341  -1  042  -1  -1  -1  043  -1  -1  -1  -1  -1  -1  -1  -1  -1  -1
PatternADC: 20372  -1  044  -1  -1  -1  045  -1  -1  -1  -1  -1  -1  -1  -1  -1  -1
PatternADC: 20373  -1  046  -1  -1  -1  047  -1  -1  -1  -1  -1  -1  -1  -1  -1  -1
PatternADC: 20404  -1  048  -1  -1  -1  049  -1  -1  -1  -1  -1  -1  -1  -1  -1  -1
PatternADC: 20405  -1  050  -1  -1  -1  051  -1  -1  -1  -1  -1  -1  -1  -1  -1  -1
PatternADC: 20436  -1  052  -1  -1  -1  053  -1  -1  -1  -1  -1  -1  -1  -1  -1  -1
PatternADC: 20437  -1  054  -1  -1  -1  055  -1  -1  -1  -1  -1  -1  -1  -1  -1  -1
PatternADC: 20468  -1  056  -1  -1  -1  057  -1  -1  -1  -1  -1  -1  -1  -1  -1  -1
PatternADC: 20469  -1  058  -1  -1  -1  059  -1  -1  -1  -1  -1  -1  -1  -1  -1  -1
PatternADC: 20500  -1  060  -1  -1  -1  061  -1  -1  -1  -1  -1  -1  -1  -1  -1  -1
PatternADC: 20501  -1  062  -1  -1  -1  063  -1  -1  -1  -1  -1  -1  -1  -1  -1  -1
## Block B                              
PatternADC: 21020  -1  064  -1  -1  -1  065  -1  -1  -1  -1  -1  -1  -1  -1  -1  -1
PatternADC: 21021  -1  066  -1  -1  -1  067  -1  -1  -1  -1  -1  -1  -1  -1  -1  -1
PatternADC: 21052  -1  068  -1  -1  -1  069  -1  -1  -1  -1  -1  -1  -1  -1  -1  -1
PatternADC: 21053  -1  070  -1  -1  -1  071  -1  -1  -1  -1  -1  -1  -1  -1  -1  -1
PatternADC: 21084  -1  072  -1  -1  -1  073  -1  -1  -1  -1  -1  -1  -1  -1  -1  -1
PatternADC: 21085  -1  074  -1  -1  -1  075  -1  -1  -1  -1  -1  -1  -1  -1  -1  -1
PatternADC: 21116  -1  076  -1  -1  -1  077  -1  -1  -1  -1  -1  -1  -1  -1  -1  -1
PatternADC: 21117  -1  078  -1  -1  -1  079  -1  -1  -1  -1  -1  -1  -1  -1  -1  -1
PatternADC: 21148  -1  080  -1  -1  -1  081  -1  -1  -1  -1  -1  -1  -1  -1  -1  -1
PatternADC: 21149  -1  082  -1  -1  -1  083  -1  -1  -1  -1  -1  -1  -1  -1  -1  -1
PatternADC: 21180  -1  084  -1  -1  -1  085  -1  -1  -1  -1  -1  -1  -1  -1  -1  -1
PatternADC: 21181  -1  086  -1  -1  -1  087  -1  -1  -1  -1  -1  -1  -1  -1  -1  -1
PatternADC: 21212  -1  088  -1  -1  -1  089  -1  -1  -1  -1  -1  -1  -1  -1  -1  -1
PatternADC: 21213  -1  090  -1  -1  -1  091  -1  -1  -1  -1  -1  -1  -1  -1  -1  -1
PatternADC: 21244  -1  092  -1  -1  -1  093  -1  -1  -1  -1  -1  -1  -1  -1  -1  -1
PatternADC: 21245  -1  094  -1  -1  -1  095  -1  -1  -1  -1  -1  -1  -1  -1  -1  -1
PatternADC: 21276  -1  096  -1  -1  -1  097  -1  -1  -1  -1  -1  -1  -1  -1  -1  -1
PatternADC: 21277  -1  098  -1  -1  -1  099  -1  -1  -1  -1  -1  -1  -1  -1  -1  -1
PatternADC: 21308  -1  100  -1  -1  -1  101  -1  -1  -1  -1  -1  -1  -1  -1  -1  -1
PatternADC: 21309  -1  102  -1  -1  -1  103  -1  -1  -1  -1  -1  -1  -1  -1  -1  -1
PatternADC: 21340  -1  104  -1  -1  -1  105  -1  -1  -1  -1  -1  -1  -1  -1  -1  -1
PatternADC: 21341  -1  106  -1  -1  -1  107  -1  -1  -1  -1  -1  -1  -1  -1  -1  -1
PatternADC: 21372  -1  108  -1  -1  -1  109  -1  -1  -1  -1  -1  -1  -1  -1  -1  -1
PatternADC: 21373  -1  110  -1  -1  -1  111  -1  -1  -1  -1  -1  -1  -1  -1  -1  -1
PatternADC: 21404  -1  112  -1  -1  -1  113  -1  -1  -1  -1  -1  -1  -1  -1  -1  -1
PatternADC: 21405  -1  114  -1  -1  -1  115  -1  -1  -1  -1  -1  -1  -1  -1  -1  -1
PatternADC: 21436  -1  116  -1  -1  -1  117  -1  -1  -1  -1  -1  -1  -1  -1  -1  -1
PatternADC: 21437  -1  118  -1  -1  -1  119  -1  -1  -1  -1  -1  -1  -1  -1  -1  -1
PatternADC: 21468  -1  120  -1  -1  -1  121  -1  -1  -1  -1  -1  -1  -1  -1  -1  -1
PatternADC: 21469  -1  122  -1  -1  -1  123  -1  -1  -1  -1  -1  -1  -1  -1  -1  -1
PatternADC: 21500  -1  124  -1  -1  -1  125  -1  -1  -1  -1  -1  -1  -1  -1  -1  -1
PatternADC: 21501  -1  126  -1  -1  -1  127  -1  -1  -1  -1  -1  -1  -1  -1  -1  -1
## Block C                              
PatternADC: 22020  -1  128  -1  -1  -1  129  -1  -1  -1  -1  -1  -1  -1  -1  -1  -1
PatternADC: 22021  -1  130  -1  -1  -1  131  -1  -1  -1  -1  -1  -1  -1  -1  -1  -1
PatternADC: 22052  -1  132  -1  -1  -1  133  -1  -1  -1  -1  -1  -1  -1  -1  -1  -1
PatternADC: 22053  -1  134  -1  -1  -1  135  -1  -1  -1  -1  -1  -1  -1  -1  -1  -1
PatternADC: 22084  -1  136  -1  -1  -1  137  -1  -1  -1  -1  -1  -1  -1  -1  -1  -1
PatternADC: 22085  -1  138  -1  -1  -1  139  -1  -1  -1  -1  -1  -1  -1  -1  -1  -1
PatternADC: 22116  -1  140  -1  -1  -1  141  -1  -1  -1  -1  -1  -1  -1  -1  -1  -1
PatternADC: 22117  -1  142  -1  -1  -1  143  -1  -1  -1  -1  -1  -1  -1  -1  -1  -1
PatternADC: 22148  -1  144  -1  -1  -1  145  -1  -1  -1  -1  -1  -1  -1  -1  -1  -1
PatternADC: 22149  -1  146  -1  -1  -1  147  -1  -1  -1  -1  -1  -1  -1  -1  -1  -1
PatternADC: 22180  -1  148  -1  -1  -1  149  -1  -1  -1  -1  -1  -1  -1  -1  -1  -1
PatternADC: 22181  -1  150  -1  -1  -1  151  -1  -1  -1  -1  -1  -1  -1  -1  -1  -1
PatternADC: 22212  -1  152  -1  -1  -1  153  -1  -1  -1  -1  -1  -1  -1  -1  -1  -1
PatternADC: 22213  -1  154  -1  -1  -1  155  -1  -1  -1  -1  -1  -1  -1  -1  -1  -1
PatternADC: 22244  -1  156  -1  -1  -1  157  -1  -1  -1  -1  -1  -1  -1  -1  -1  -1
PatternADC: 22245  -1  158  -1  -1  -1  159  -1  -1  -1  -1  -1  -1  -1  -1  -1  -1
PatternADC: 22276  -1  160  -1  -1  -1  161  -1  -1  -1  -1  -1  -1  -1  -1  -1  -1
PatternADC: 22277  -1  162  -1  -1  -1  163  -1  -1  -1  -1  -1  -1  -1  -1  -1  -1
PatternADC: 22308  -1  164  -1  -1  -1  165  -1  -1  -1  -1  -1  -1  -1  -1  -1  -1
PatternADC: 22309  -1  166  -1  -1  -1  167  -1  -1  -1  -1  -1  -1  -1  -1  -1  -1
PatternADC: 22340  -1  168  -1  -1  -1  169  -1  -1  -1  -1  -1  -1  -1  -1  -1  -1
PatternADC: 22341  -1  170  -1  -1  -1  171  -1  -1  -1  -1  -1  -1  -1  -1  -1  -1
PatternADC: 22372  -1  172  -1  -1  -1  173  -1  -1  -1  -1  -1  -1  -1  -1  -1  -1
PatternADC: 22373  -1  174  -1  -1  -1  175  -1  -1  -1  -1  -1  -1  -1  -1  -1  -1
PatternADC: 22404  -1  176  -1  -1  -1  177  -1  -1  -1  -1  -1  -1  -1  -1  -1  -1
PatternADC: 22405  -1  178  -1  -1  -1  179  -1  -1  -1  -1  -1  -1  -1  -1  -1  -1
PatternADC: 22436  -1  180  -1  -1  -1  181  -1  -1  -1  -1  -1  -1  -1  -1  -1  -1
PatternADC: 22437  -1  182  -1  -1  -1  183  -1  -1  -1  -1  -1  -1  -1  -1  -1  -1
PatternADC: 22468  -1  184  -1  -1  -1  185  -1  -1  -1  -1  -1  -1  -1  -1  -1  -1
PatternADC: 22469  -1  186  -1  -1  -1  187  -1  -1  -1  -1  -1  -1  -1  -1  -1  -1
PatternADC: 22500  -1  188  -1  -1  -1  189  -1  -1  -1  -1  -1  -1  -1  -1  -1  -1
PatternADC: 22501  -1  190  -1  -1  -1  191  -1  -1  -1  -1  -1  -1  -1  -1  -1  -1
## Block D                              
PatternADC: 23020  -1  192  -1  -1  -1  193  -1  -1  -1  -1  -1  -1  -1  -1  -1  -1
PatternADC: 23021  -1  194  -1  -1  -1  195  -1  -1  -1  -1  -1  -1  -1  -1  -1  -1
PatternADC: 23052  -1  196  -1  -1  -1  197  -1  -1  -1  -1  -1  -1  -1  -1  -1  -1
PatternADC: 23053  -1  198  -1  -1  -1  199  -1  -1  -1  -1  -1  -1  -1  -1  -1  -1
PatternADC: 23084  -1  200  -1  -1  -1  201  -1  -1  -1  -1  -1  -1  -1  -1  -1  -1
PatternADC: 23085  -1  202  -1  -1  -1  203  -1  -1  -1  -1  -1  -1  -1  -1  -1  -1
PatternADC: 23116  -1  204  -1  -1  -1  205  -1  -1  -1  -1  -1  -1  -1  -1  -1  -1
PatternADC: 23117  -1  206  -1  -1  -1  207  -1  -1  -1  -1  -1  -1  -1  -1  -1  -1
PatternADC: 23148  -1  208  -1  -1  -1  209  -1  -1  -1  -1  -1  -1  -1  -1  -1  -1
PatternADC: 23149  -1  210  -1  -1  -1  211  -1  -1  -1  -1  -1  -1  -1  -1  -1  -1
PatternADC: 23180  -1  212  -1  -1  -1  213  -1  -1  -1  -1  -1  -1  -1  -1  -1  -1
PatternADC: 23181  -1  214  -1  -1  -1  215  -1  -1  -1  -1  -1  -1  -1  -1  -1  -1
PatternADC: 23212  -1  216  -1  -1  -1  217  -1  -1  -1  -1  -1  -1  -1  -1  -1  -1
PatternADC: 23213  -1  218  -1  -1  -1  219  -1  -1  -1  -1  -1  -1  -1  -1  -1  -1
PatternADC: 23244  -1  220  -1  -1  -1  221  -1  -1  -1  -1  -1  -1  -1  -1  -1  -1
PatternADC: 23245  -1  222  -1  -1  -1  223  -1  -1  -1  -1  -1  -1  -1  -1  -1  -1
PatternADC: 23276  -1  224  -1  -1  -1  225  -1  -1  -1  -1  -1  -1  -1  -1  -1  -1
PatternADC: 23277  -1  226  -1  -1  -1  227  -1  -1  -1  -1  -1  -1  -1  -1  -1  -1
PatternADC: 23308  -1  228  -1  -1  -1  229  -1  -1  -1  -1  -1  -1  -1  -1  -1  -1
PatternADC: 23309  -1  230  -1  -1  -1  231  -1  -1  -1  -1  -1  -1  -1  -1  -1  -1
PatternADC: 23340  -1  232  -1  -1  -1  233  -1  -1  -1  -1  -1  -1  -1  -1  -1  -1
PatternADC: 23341  -1  234  -1  -1  -1  235  -1  -1  -1  -1  -1  -1  -1  -1  -1  -1
PatternADC: 23372  -1  236  -1  -1  -1  237  -1  -1  -1  -1  -1  -1  -1  -1  -1  -1
PatternADC: 23373  -1  238  -1  -1  -1  239  -1  -1  -1  -1  -1  -1  -1  -1  -1  -1
PatternADC: 23404  -1  240  -1  -1  -1  241  -1  -1  -1  -1  -1  -1  -1  -1  -1  -1
PatternADC: 23405  -1  242  -1  -1  -1  243  -1  -1  -1  -1  -1  -1  -1  -1  -1  -1
PatternADC: 23436  -1  244  -1  -1  -1  245  -1  -1  -1  -1  -1  -1  -1  -1  -1  -1
PatternADC: 23437  -1  246  -1  -1  -1  247  -1  -1  -1  -1  -1  -1  -1  -1  -1  -1
PatternADC: 23468  -1  248  -1  -1  -1  249  -1  -1  -1  -1  -1  -1  -1  -1  -1  -1
PatternADC: 23469  -1  250  -1  -1  -1  251  -1  -1  -1  -1  -1  -1  -1  -1  -1  -1
PatternADC: 23500  -1  252  -1  -1  -1  253  -1  -1  -1  -1  -1  -1  -1  -1  -1  -1
PatternADC: 23501  -1  254  -1  -1  -1  255  -1  -1  -1  -1  -1  -1  -1  -1  -1  -1
## Block E                              
PatternADC: 24020  -1  256  -1  -1  -1  257  -1  -1  -1  -1  -1  -1  -1  -1  -1  -1
PatternADC: 24021  -1  258  -1  -1  -1  259  -1  -1  -1  -1  -1  -1  -1  -1  -1  -1
PatternADC: 24052  -1  260  -1  -1  -1  261  -1  -1  -1  -1  -1  -1  -1  -1  -1  -1
PatternADC: 24053  -1  262  -1  -1  -1  263  -1  -1  -1  -1  -1  -1  -1  -1  -1  -1
PatternADC: 24084  -1  264  -1  -1  -1  265  -1  -1  -1  -1  -1  -1  -1  -1  -1  -1
PatternADC: 24085  -1  266  -1  -1  -1  267  -1  -1  -1  -1  -1  -1  -1  -1  -1  -1
PatternADC: 24116  -1  268  -1  -1  -1  269  -1  -1  -1  -1  -1  -1  -1  -1  -1  -1
PatternADC: 24117  -1  270  -1  -1  -1  271  -1  -1  -1  -1  -1  -1  -1  -1  -1  -1
PatternADC: 24148  -1  272  -1  -1  -1  273  -1  -1  -1  -1  -1  -1  -1  -1  -1  -1
PatternADC: 24149  -1  274  -1  -1  -1  275  -1  -1  -1  -1  -1  -1  -1  -1  -1  -1
PatternADC: 24180  -1  276  -1  -1  -1  277  -1  -1  -1  -1  -1  -1  -1  -1  -1  -1
PatternADC: 24181  -1  278  -1  -1  -1  279  -1  -1  -1  -1  -1  -1  -1  -1  -1  -1
PatternADC: 24212  -1  280  -1  -1  -1  281  -1  -1  -1  -1  -1  -1  -1  -1  -1  -1
PatternADC: 24213  -1  282  -1  -1  -1  283  -1  -1  -1  -1  -1  -1  -1  -1  -1  -1
PatternADC: 24244  -1  284  -1  -1  -1  285  -1  -1  -1  -1  -1  -1  -1  -1  -1  -1
PatternADC: 24245  -1  286  -1  -1  -1  287  -1  -1  -1  -1  -1  -1  -1  -1  -1  -1
PatternADC: 24276  -1  288  -1  -1  -1  289  -1  -1  -1  -1  -1  -1  -1  -1  -1  -1
PatternADC: 24277  -1  290  -1  -1  -1  291  -1  -1  -1  -1  -1  -1  -1  -1  -1  -1
PatternADC: 24308  -1  292  -1  -1  -1  293  -1  -1  -1  -1  -1  -1  -1  -1  -1  -1
PatternADC: 24309  -1  294  -1  -1  -1  295  -1  -1  -1  -1  -1  -1  -1  -1  -1  -1
PatternADC: 24340  -1  296  -1  -1  -1  297  -1  -1  -1  -1  -1  -1  -1  -1  -1  -1
PatternADC: 24341  -1  298  -1  -1  -1  299  -1  -1  -1  -1  -1  -1  -1  -1  -1  -1
PatternADC: 24372  -1  300  -1  -1  -1  301  -1  -1  -1  -1  -1  -1  -1  -1  -1  -1
PatternADC: 24373  -1  302  -1  -1  -1  303  -1  -1  -1  -1  -1  -1  -1  -1  -1  -1
PatternADC: 24404  -1  304  -1  -1  -1  305  -1  -1  -1  -1  -1  -1  -1  -1  -1  -1
PatternADC: 24405  -1  306  -1  -1  -1  307  -1  -1  -1  -1  -1  -1  -1  -1  -1  -1
PatternADC: 24436  -1  308  -1  -1  -1  309  -1  -1  -1  -1  -1  -1  -1  -1  -1  -1
PatternADC: 24437  -1  310  -1  -1  -1  311  -1  -1  -1  -1  -1  -1  -1  -1  -1  -1
PatternADC: 24468  -1  312  -1  -1  -1  313  -1  -1  -1  -1  -1  -1  -1  -1  -1  -1
PatternADC: 24469  -1  314  -1  -1  -1  315  -1  -1  -1  -1  -1  -1  -1  -1  -1  -1
PatternADC: 24500  -1  316  -1  -1  -1  317  -1  -1  -1  -1  -1  -1  -1  -1  -1  -1
PatternADC: 24501  -1  318  -1  -1  -1  319  -1  -1  -1  -1  -1  -1  -1  -1  -1  -1
## Block F                              
PatternADC: 25020  -1  320  -1  -1  -1  321  -1  -1  -1  -1  -1  -1  -1  -1  -1  -1
PatternADC: 25021  -1  322  -1  -1  -1  323  -1  -1  -1  -1  -1  -1  -1  -1  -1  -1
PatternADC: 25052  -1  324  -1  -1  -1  325  -1  -1  -1  -1  -1  -1  -1  -1  -1  -1
PatternADC: 25053  -1  326  -1  -1  -1  327  -1  -1  -1  -1  -1  -1  -1  -1  -1  -1
PatternADC: 25084  -1  328  -1  -1  -1  329  -1  -1  -1  -1  -1  -1  -1  -1  -1  -1
PatternADC: 25085  -1  330  -1  -1  -1  331  -1  -1  -1  -1  -1  -1  -1  -1  -1  -1
PatternADC: 25116  -1  332  -1  -1  -1  333  -1  -1  -1  -1  -1  -1  -1  -1  -1  -1
PatternADC: 25117  -1  334  -1  -1  -1  335  -1  -1  -1  -1  -1  -1  -1  -1  -1  -1
PatternADC: 25148  -1  336  -1  -1  -1  337  -1  -1  -1  -1  -1  -1  -1  -1  -1  -1
PatternADC: 25149  -1  338  -1  -1  -1  339  -1  -1  -1  -1  -1  -1  -1  -1  -1  -1
PatternADC: 25180  -1  340  -1  -1  -1  341  -1  -1  -1  -1  -1  -1  -1  -1  -1  -1
PatternADC: 25181  -1  342  -1  -1  -1  343  -1  -1  -1  -1  -1  -1  -1  -1  -1  -1
PatternADC: 25212  -1  344  -1  -1  -1  345  -1  -1  -1  -1  -1  -1  -1  -1  -1  -1
PatternADC: 25213  -1  346  -1  -1  -1  347  -1  -1  -1  -1  -1  -1  -1  -1  -1  -1
PatternADC: 25244  -1  348  -1  -1  -1  349  -1  -1  -1  -1  -1  -1  -1  -1  -1  -1
PatternADC: 25245  -1  350  -1  -1  -1  351  -1  -1  -1  -1  -1  -1  -1  -1  -1  -1
PatternADC: 25276  -1  352  -1  -1  -1  353  -1  -1  -1  -1  -1  -1  -1  -1  -1  -1
PatternADC: 25277  -1  354  -1  -1  -1  355  -1  -1  -1  -1  -1  -1  -1  -1  -1  -1
PatternADC: 25308  -1  356  -1  -1  -1  357  -1  -1  -1  -1  -1  -1  -1  -1  -1  -1
PatternADC: 25309  -1  358  -1  -1  -1  359  -1  -1  -1  -1  -1  -1  -1  -1  -1  -1
PatternADC: 25340  -1  360  -1  -1  -1  361  -1  -1  -1  -1  -1  -1  -1  -1  -1  -1
PatternADC: 25341  -1  362  -1  -1  -1  363  -1  -1  -1  -1  -1  -1  -1  -1  -1  -1
PatternADC: 25372  -1  364  -1  -1  -1  365  -1  -1  -1  -1  -1  -1  -1  -1  -1  -1
PatternADC: 25373  -1  366  -1  -1  -1  367  -1  -1  -1  -1  -1  -1  -1  -1  -1  -1
PatternADC: 25404  -1  368  -1  -1  -1  369  -1  -1  -1  -1  -1  -1  -1  -1  -1  -1
PatternADC: 25405  -1  370  -1  -1  -1  371  -1  -1  -1  -1  -1  -1  -1  -1  -1  -1
PatternADC: 25436  -1  372  -1  -1  -1  373  -1  -1  -1  -1  -1  -1  -1  -1  -1  -1
PatternADC: 25437  -1  374  -1  -1  -1  375  -1  -1  -1  -1  -1  -1  -1  -1  -1  -1
PatternADC: 25468  -1  376  -1  -1  -1  377  -1  -1  -1  -1  -1  -1  -1  -1  -1  -1
PatternADC: 25469  -1  378  -1  -1  -1  379  -1  -1  -1  -1  -1  -1  -1  -1  -1  -1
PatternADC: 25500  -1  380  -1  -1  -1  381  -1  -1  -1  -1  -1  -1  -1  -1  -1  -1
PatternADC: 25501  -1  382  -1  -1  -1  383  -1  -1  -1  -1  -1  -1  -1  -1  -1  -1
##
##
## BaF2 LED2 pattern 
##	     Name	        #ADCs	#Channels
PatternSize: BaF2_LED2_Pat      192     3072
# Block A
PatternADC: 20020  -1  -1  000  -1  -1  -1  001  -1  -1  -1  -1  -1  -1  -1  -1  -1
PatternADC: 20021  -1  -1  002  -1  -1  -1  003  -1  -1  -1  -1  -1  -1  -1  -1  -1
PatternADC: 20052  -1  -1  004  -1  -1  -1  005  -1  -1  -1  -1  -1  -1  -1  -1  -1
PatternADC: 20053  -1  -1  006  -1  -1  -1  007  -1  -1  -1  -1  -1  -1  -1  -1  -1
PatternADC: 20084  -1  -1  008  -1  -1  -1  009  -1  -1  -1  -1  -1  -1  -1  -1  -1
PatternADC: 20085  -1  -1  010  -1  -1  -1  011  -1  -1  -1  -1  -1  -1  -1  -1  -1
PatternADC: 20116  -1  -1  012  -1  -1  -1  013  -1  -1  -1  -1  -1  -1  -1  -1  -1
PatternADC: 20117  -1  -1  014  -1  -1  -1  015  -1  -1  -1  -1  -1  -1  -1  -1  -1
PatternADC: 20148  -1  -1  016  -1  -1  -1  017  -1  -1  -1  -1  -1  -1  -1  -1  -1
PatternADC: 20149  -1  -1  018  -1  -1  -1  019  -1  -1  -1  -1  -1  -1  -1  -1  -1
PatternADC: 20180  -1  -1  020  -1  -1  -1  021  -1  -1  -1  -1  -1  -1  -1  -1  -1
PatternADC: 20181  -1  -1  022  -1  -1  -1  023  -1  -1  -1  -1  -1  -1  -1  -1  -1
PatternADC: 20212  -1  -1  024  -1  -1  -1  025  -1  -1  -1  -1  -1  -1  -1  -1  -1
PatternADC: 20213  -1  -1  026  -1  -1  -1  027  -1  -1  -1  -1  -1  -1  -1  -1  -1
PatternADC: 20244  -1  -1  028  -1  -1  -1  029  -1  -1  -1  -1  -1  -1  -1  -1  -1
PatternADC: 20245  -1  -1  030  -1  -1  -1  031  -1  -1  -1  -1  -1  -1  -1  -1  -1
PatternADC: 20276  -1  -1  032  -1  -1  -1  033  -1  -1  -1  -1  -1  -1  -1  -1  -1
PatternADC: 20277  -1  -1  034  -1  -1  -1  035  -1  -1  -1  -1  -1  -1  -1  -1  -1
PatternADC: 20308  -1  -1  036  -1  -1  -1  037  -1  -1  -1  -1  -1  -1  -1  -1  -1
PatternADC: 20309  -1  -1  038  -1  -1  -1  039  -1  -1  -1  -1  -1  -1  -1  -1  -1
PatternADC: 20340  -1  -1  040  -1  -1  -1  041  -1  -1  -1  -1  -1  -1  -1  -1  -1
PatternADC: 20341  -1  -1  042  -1  -1  -1  043  -1  -1  -1  -1  -1  -1  -1  -1  -1
PatternADC: 20372  -1  -1  044  -1  -1  -1  045  -1  -1  -1  -1  -1  -1  -1  -1  -1
PatternADC: 20373  -1  -1  046  -1  -1  -1  047  -1  -1  -1  -1  -1  -1  -1  -1  -1
PatternADC: 20404  -1  -1  048  -1  -1  -1  049  -1  -1  -1  -1  -1  -1  -1  -1  -1
PatternADC: 20405  -1  -1  050  -1  -1  -1  051  -1  -1  -1  -1  -1  -1  -1  -1  -1
PatternADC: 20436  -1  -1  052  -1  -1  -1  053  -1  -1  -1  -1  -1  -1  -1  -1  -1
PatternADC: 20437  -1  -1  054  -1  -1  -1  055  -1  -1  -1  -1  -1  -1  -1  -1  -1
PatternADC: 20468  -1  -1  056  -1  -1  -1  057  -1  -1  -1  -1  -1  -1  -1  -1  -1
PatternADC: 20469  -1  -1  058  -1  -1  -1  059  -1  -1  -1  -1  -1  -1  -1  -1  -1
PatternADC: 20500  -1  -1  060  -1  -1  -1  061  -1  -1  -1  -1  -1  -1  -1  -1  -1
PatternADC: 20501  -1  -1  062  -1  -1  -1  063  -1  -1  -1  -1  -1  -1  -1  -1  -1
## Block B                                  
PatternADC: 21020  -1  -1  064  -1  -1  -1  065  -1  -1  -1  -1  -1  -1  -1  -1  -1
PatternADC: 21021  -1  -1  066  -1  -1  -1  067  -1  -1  -1  -1  -1  -1  -1  -1  -1
PatternADC: 21052  -1  -1  068  -1  -1  -1  069  -1  -1  -1  -1  -1  -1  -1  -1  -1
PatternADC: 21053  -1  -1  070  -1  -1  -1  071  -1  -1  -1  -1  -1  -1  -1  -1  -1
PatternADC: 21084  -1  -1  072  -1  -1  -1  073  -1  -1  -1  -1  -1  -1  -1  -1  -1
PatternADC: 21085  -1  -1  074  -1  -1  -1  075  -1  -1  -1  -1  -1  -1  -1  -1  -1
PatternADC: 21116  -1  -1  076  -1  -1  -1  077  -1  -1  -1  -1  -1  -1  -1  -1  -1
PatternADC: 21117  -1  -1  078  -1  -1  -1  079  -1  -1  -1  -1  -1  -1  -1  -1  -1
PatternADC: 21148  -1  -1  080  -1  -1  -1  081  -1  -1  -1  -1  -1  -1  -1  -1  -1
PatternADC: 21149  -1  -1  082  -1  -1  -1  083  -1  -1  -1  -1  -1  -1  -1  -1  -1
PatternADC: 21180  -1  -1  084  -1  -1  -1  085  -1  -1  -1  -1  -1  -1  -1  -1  -1
PatternADC: 21181  -1  -1  086  -1  -1  -1  087  -1  -1  -1  -1  -1  -1  -1  -1  -1
PatternADC: 21212  -1  -1  088  -1  -1  -1  089  -1  -1  -1  -1  -1  -1  -1  -1  -1
PatternADC: 21213  -1  -1  090  -1  -1  -1  091  -1  -1  -1  -1  -1  -1  -1  -1  -1
PatternADC: 21244  -1  -1  092  -1  -1  -1  093  -1  -1  -1  -1  -1  -1  -1  -1  -1
PatternADC: 21245  -1  -1  094  -1  -1  -1  095  -1  -1  -1  -1  -1  -1  -1  -1  -1
PatternADC: 21276  -1  -1  096  -1  -1  -1  097  -1  -1  -1  -1  -1  -1  -1  -1  -1
PatternADC: 21277  -1  -1  098  -1  -1  -1  099  -1  -1  -1  -1  -1  -1  -1  -1  -1
PatternADC: 21308  -1  -1  100  -1  -1  -1  101  -1  -1  -1  -1  -1  -1  -1  -1  -1
PatternADC: 21309  -1  -1  102  -1  -1  -1  103  -1  -1  -1  -1  -1  -1  -1  -1  -1
PatternADC: 21340  -1  -1  104  -1  -1  -1  105  -1  -1  -1  -1  -1  -1  -1  -1  -1
PatternADC: 21341  -1  -1  106  -1  -1  -1  107  -1  -1  -1  -1  -1  -1  -1  -1  -1
PatternADC: 21372  -1  -1  108  -1  -1  -1  109  -1  -1  -1  -1  -1  -1  -1  -1  -1
PatternADC: 21373  -1  -1  110  -1  -1  -1  111  -1  -1  -1  -1  -1  -1  -1  -1  -1
PatternADC: 21404  -1  -1  112  -1  -1  -1  113  -1  -1  -1  -1  -1  -1  -1  -1  -1
PatternADC: 21405  -1  -1  114  -1  -1  -1  115  -1  -1  -1  -1  -1  -1  -1  -1  -1
PatternADC: 21436  -1  -1  116  -1  -1  -1  117  -1  -1  -1  -1  -1  -1  -1  -1  -1
PatternADC: 21437  -1  -1  118  -1  -1  -1  119  -1  -1  -1  -1  -1  -1  -1  -1  -1
PatternADC: 21468  -1  -1  120  -1  -1  -1  121  -1  -1  -1  -1  -1  -1  -1  -1  -1
PatternADC: 21469  -1  -1  122  -1  -1  -1  123  -1  -1  -1  -1  -1  -1  -1  -1  -1
PatternADC: 21500  -1  -1  124  -1  -1  -1  125  -1  -1  -1  -1  -1  -1  -1  -1  -1
PatternADC: 21501  -1  -1  126  -1  -1  -1  127  -1  -1  -1  -1  -1  -1  -1  -1  -1
## Block C                                  
PatternADC: 22020  -1  -1  128  -1  -1  -1  129  -1  -1  -1  -1  -1  -1  -1  -1  -1
PatternADC: 22021  -1  -1  130  -1  -1  -1  131  -1  -1  -1  -1  -1  -1  -1  -1  -1
PatternADC: 22052  -1  -1  132  -1  -1  -1  133  -1  -1  -1  -1  -1  -1  -1  -1  -1
PatternADC: 22053  -1  -1  134  -1  -1  -1  135  -1  -1  -1  -1  -1  -1  -1  -1  -1
PatternADC: 22084  -1  -1  136  -1  -1  -1  137  -1  -1  -1  -1  -1  -1  -1  -1  -1
PatternADC: 22085  -1  -1  138  -1  -1  -1  139  -1  -1  -1  -1  -1  -1  -1  -1  -1
PatternADC: 22116  -1  -1  140  -1  -1  -1  141  -1  -1  -1  -1  -1  -1  -1  -1  -1
PatternADC: 22117  -1  -1  142  -1  -1  -1  143  -1  -1  -1  -1  -1  -1  -1  -1  -1
PatternADC: 22148  -1  -1  144  -1  -1  -1  145  -1  -1  -1  -1  -1  -1  -1  -1  -1
PatternADC: 22149  -1  -1  146  -1  -1  -1  147  -1  -1  -1  -1  -1  -1  -1  -1  -1
PatternADC: 22180  -1  -1  148  -1  -1  -1  149  -1  -1  -1  -1  -1  -1  -1  -1  -1
PatternADC: 22181  -1  -1  150  -1  -1  -1  151  -1  -1  -1  -1  -1  -1  -1  -1  -1
PatternADC: 22212  -1  -1  152  -1  -1  -1  153  -1  -1  -1  -1  -1  -1  -1  -1  -1
PatternADC: 22213  -1  -1  154  -1  -1  -1  155  -1  -1  -1  -1  -1  -1  -1  -1  -1
PatternADC: 22244  -1  -1  156  -1  -1  -1  157  -1  -1  -1  -1  -1  -1  -1  -1  -1
PatternADC: 22245  -1  -1  158  -1  -1  -1  159  -1  -1  -1  -1  -1  -1  -1  -1  -1
PatternADC: 22276  -1  -1  160  -1  -1  -1  161  -1  -1  -1  -1  -1  -1  -1  -1  -1
PatternADC: 22277  -1  -1  162  -1  -1  -1  163  -1  -1  -1  -1  -1  -1  -1  -1  -1
PatternADC: 22308  -1  -1  164  -1  -1  -1  165  -1  -1  -1  -1  -1  -1  -1  -1  -1
PatternADC: 22309  -1  -1  166  -1  -1  -1  167  -1  -1  -1  -1  -1  -1  -1  -1  -1
PatternADC: 22340  -1  -1  168  -1  -1  -1  169  -1  -1  -1  -1  -1  -1  -1  -1  -1
PatternADC: 22341  -1  -1  170  -1  -1  -1  171  -1  -1  -1  -1  -1  -1  -1  -1  -1
PatternADC: 22372  -1  -1  172  -1  -1  -1  173  -1  -1  -1  -1  -1  -1  -1  -1  -1
PatternADC: 22373  -1  -1  174  -1  -1  -1  175  -1  -1  -1  -1  -1  -1  -1  -1  -1
PatternADC: 22404  -1  -1  176  -1  -1  -1  177  -1  -1  -1  -1  -1  -1  -1  -1  -1
PatternADC: 22405  -1  -1  178  -1  -1  -1  179  -1  -1  -1  -1  -1  -1  -1  -1  -1
PatternADC: 22436  -1  -1  180  -1  -1  -1  181  -1  -1  -1  -1  -1  -1  -1  -1  -1
PatternADC: 22437  -1  -1  182  -1  -1  -1  183  -1  -1  -1  -1  -1  -1  -1  -1  -1
PatternADC: 22468  -1  -1  184  -1  -1  -1  185  -1  -1  -1  -1  -1  -1  -1  -1  -1
PatternADC: 22469  -1  -1  186  -1  -1  -1  187  -1  -1  -1  -1  -1  -1  -1  -1  -1
PatternADC: 22500  -1  -1  188  -1  -1  -1  189  -1  -1  -1  -1  -1  -1  -1  -1  -1
PatternADC: 22501  -1  -1  190  -1  -1  -1  191  -1  -1  -1  -1  -1  -1  -1  -1  -1
## Block D                                  
PatternADC: 23020  -1  -1  192  -1  -1  -1  193  -1  -1  -1  -1  -1  -1  -1  -1  -1
PatternADC: 23021  -1  -1  194  -1  -1  -1  195  -1  -1  -1  -1  -1  -1  -1  -1  -1
PatternADC: 23052  -1  -1  196  -1  -1  -1  197  -1  -1  -1  -1  -1  -1  -1  -1  -1
PatternADC: 23053  -1  -1  198  -1  -1  -1  199  -1  -1  -1  -1  -1  -1  -1  -1  -1
PatternADC: 23084  -1  -1  200  -1  -1  -1  201  -1  -1  -1  -1  -1  -1  -1  -1  -1
PatternADC: 23085  -1  -1  202  -1  -1  -1  203  -1  -1  -1  -1  -1  -1  -1  -1  -1
PatternADC: 23116  -1  -1  204  -1  -1  -1  205  -1  -1  -1  -1  -1  -1  -1  -1  -1
PatternADC: 23117  -1  -1  206  -1  -1  -1  207  -1  -1  -1  -1  -1  -1  -1  -1  -1
PatternADC: 23148  -1  -1  208  -1  -1  -1  209  -1  -1  -1  -1  -1  -1  -1  -1  -1
PatternADC: 23149  -1  -1  210  -1  -1  -1  211  -1  -1  -1  -1  -1  -1  -1  -1  -1
PatternADC: 23180  -1  -1  212  -1  -1  -1  213  -1  -1  -1  -1  -1  -1  -1  -1  -1
PatternADC: 23181  -1  -1  214  -1  -1  -1  215  -1  -1  -1  -1  -1  -1  -1  -1  -1
PatternADC: 23212  -1  -1  216  -1  -1  -1  217  -1  -1  -1  -1  -1  -1  -1  -1  -1
PatternADC: 23213  -1  -1  218  -1  -1  -1  219  -1  -1  -1  -1  -1  -1  -1  -1  -1
PatternADC: 23244  -1  -1  220  -1  -1  -1  221  -1  -1  -1  -1  -1  -1  -1  -1  -1
PatternADC: 23245  -1  -1  222  -1  -1  -1  223  -1  -1  -1  -1  -1  -1  -1  -1  -1
PatternADC: 23276  -1  -1  224  -1  -1  -1  225  -1  -1  -1  -1  -1  -1  -1  -1  -1
PatternADC: 23277  -1  -1  226  -1  -1  -1  227  -1  -1  -1  -1  -1  -1  -1  -1  -1
PatternADC: 23308  -1  -1  228  -1  -1  -1  229  -1  -1  -1  -1  -1  -1  -1  -1  -1
PatternADC: 23309  -1  -1  230  -1  -1  -1  231  -1  -1  -1  -1  -1  -1  -1  -1  -1
PatternADC: 23340  -1  -1  232  -1  -1  -1  233  -1  -1  -1  -1  -1  -1  -1  -1  -1
PatternADC: 23341  -1  -1  234  -1  -1  -1  235  -1  -1  -1  -1  -1  -1  -1  -1  -1
PatternADC: 23372  -1  -1  236  -1  -1  -1  237  -1  -1  -1  -1  -1  -1  -1  -1  -1
PatternADC: 23373  -1  -1  238  -1  -1  -1  239  -1  -1  -1  -1  -1  -1  -1  -1  -1
PatternADC: 23404  -1  -1  240  -1  -1  -1  241  -1  -1  -1  -1  -1  -1  -1  -1  -1
PatternADC: 23405  -1  -1  242  -1  -1  -1  243  -1  -1  -1  -1  -1  -1  -1  -1  -1
PatternADC: 23436  -1  -1  244  -1  -1  -1  245  -1  -1  -1  -1  -1  -1  -1  -1  -1
PatternADC: 23437  -1  -1  246  -1  -1  -1  247  -1  -1  -1  -1  -1  -1  -1  -1  -1
PatternADC: 23468  -1  -1  248  -1  -1  -1  249  -1  -1  -1  -1  -1  -1  -1  -1  -1
PatternADC: 23469  -1  -1  250  -1  -1  -1  251  -1  -1  -1  -1  -1  -1  -1  -1  -1
PatternADC: 23500  -1  -1  252  -1  -1  -1  253  -1  -1  -1  -1  -1  -1  -1  -1  -1
PatternADC: 23501  -1  -1  254  -1  -1  -1  255  -1  -1  -1  -1  -1  -1  -1  -1  -1
## Block E                                  
PatternADC: 24020  -1  -1  256  -1  -1  -1  257  -1  -1  -1  -1  -1  -1  -1  -1  -1
PatternADC: 24021  -1  -1  258  -1  -1  -1  259  -1  -1  -1  -1  -1  -1  -1  -1  -1
PatternADC: 24052  -1  -1  260  -1  -1  -1  261  -1  -1  -1  -1  -1  -1  -1  -1  -1
PatternADC: 24053  -1  -1  262  -1  -1  -1  263  -1  -1  -1  -1  -1  -1  -1  -1  -1
PatternADC: 24084  -1  -1  264  -1  -1  -1  265  -1  -1  -1  -1  -1  -1  -1  -1  -1
PatternADC: 24085  -1  -1  266  -1  -1  -1  267  -1  -1  -1  -1  -1  -1  -1  -1  -1
PatternADC: 24116  -1  -1  268  -1  -1  -1  269  -1  -1  -1  -1  -1  -1  -1  -1  -1
PatternADC: 24117  -1  -1  270  -1  -1  -1  271  -1  -1  -1  -1  -1  -1  -1  -1  -1
PatternADC: 24148  -1  -1  272  -1  -1  -1  273  -1  -1  -1  -1  -1  -1  -1  -1  -1
PatternADC: 24149  -1  -1  274  -1  -1  -1  275  -1  -1  -1  -1  -1  -1  -1  -1  -1
PatternADC: 24180  -1  -1  276  -1  -1  -1  277  -1  -1  -1  -1  -1  -1  -1  -1  -1
PatternADC: 24181  -1  -1  278  -1  -1  -1  279  -1  -1  -1  -1  -1  -1  -1  -1  -1
PatternADC: 24212  -1  -1  280  -1  -1  -1  281  -1  -1  -1  -1  -1  -1  -1  -1  -1
PatternADC: 24213  -1  -1  282  -1  -1  -1  283  -1  -1  -1  -1  -1  -1  -1  -1  -1
PatternADC: 24244  -1  -1  284  -1  -1  -1  285  -1  -1  -1  -1  -1  -1  -1  -1  -1
PatternADC: 24245  -1  -1  286  -1  -1  -1  287  -1  -1  -1  -1  -1  -1  -1  -1  -1
PatternADC: 24276  -1  -1  288  -1  -1  -1  289  -1  -1  -1  -1  -1  -1  -1  -1  -1
PatternADC: 24277  -1  -1  290  -1  -1  -1  291  -1  -1  -1  -1  -1  -1  -1  -1  -1
PatternADC: 24308  -1  -1  292  -1  -1  -1  293  -1  -1  -1  -1  -1  -1  -1  -1  -1
PatternADC: 24309  -1  -1  294  -1  -1  -1  295  -1  -1  -1  -1  -1  -1  -1  -1  -1
PatternADC: 24340  -1  -1  296  -1  -1  -1  297  -1  -1  -1  -1  -1  -1  -1  -1  -1
PatternADC: 24341  -1  -1  298  -1  -1  -1  299  -1  -1  -1  -1  -1  -1  -1  -1  -1
PatternADC: 24372  -1  -1  300  -1  -1  -1  301  -1  -1  -1  -1  -1  -1  -1  -1  -1
PatternADC: 24373  -1  -1  302  -1  -1  -1  303  -1  -1  -1  -1  -1  -1  -1  -1  -1
PatternADC: 24404  -1  -1  304  -1  -1  -1  305  -1  -1  -1  -1  -1  -1  -1  -1  -1
PatternADC: 24405  -1  -1  306  -1  -1  -1  307  -1  -1  -1  -1  -1  -1  -1  -1  -1
PatternADC: 24436  -1  -1  308  -1  -1  -1  309  -1  -1  -1  -1  -1  -1  -1  -1  -1
PatternADC: 24437  -1  -1  310  -1  -1  -1  311  -1  -1  -1  -1  -1  -1  -1  -1  -1
PatternADC: 24468  -1  -1  312  -1  -1  -1  313  -1  -1  -1  -1  -1  -1  -1  -1  -1
PatternADC: 24469  -1  -1  314  -1  -1  -1  315  -1  -1  -1  -1  -1  -1  -1  -1  -1
PatternADC: 24500  -1  -1  316  -1  -1  -1  317  -1  -1  -1  -1  -1  -1  -1  -1  -1
PatternADC: 24501  -1  -1  318  -1  -1  -1  319  -1  -1  -1  -1  -1  -1  -1  -1  -1
## Block F                                  
PatternADC: 25020  -1  -1  320  -1  -1  -1  321  -1  -1  -1  -1  -1  -1  -1  -1  -1
PatternADC: 25021  -1  -1  322  -1  -1  -1  323  -1  -1  -1  -1  -1  -1  -1  -1  -1
PatternADC: 25052  -1  -1  324  -1  -1  -1  325  -1  -1  -1  -1  -1  -1  -1  -1  -1
PatternADC: 25053  -1  -1  326  -1  -1  -1  327  -1  -1  -1  -1  -1  -1  -1  -1  -1
PatternADC: 25084  -1  -1  328  -1  -1  -1  329  -1  -1  -1  -1  -1  -1  -1  -1  -1
PatternADC: 25085  -1  -1  330  -1  -1  -1  331  -1  -1  -1  -1  -1  -1  -1  -1  -1
PatternADC: 25116  -1  -1  332  -1  -1  -1  333  -1  -1  -1  -1  -1  -1  -1  -1  -1
PatternADC: 25117  -1  -1  334  -1  -1  -1  335  -1  -1  -1  -1  -1  -1  -1  -1  -1
PatternADC: 25148  -1  -1  336  -1  -1  -1  337  -1  -1  -1  -1  -1  -1  -1  -1  -1
PatternADC: 25149  -1  -1  338  -1  -1  -1  339  -1  -1  -1  -1  -1  -1  -1  -1  -1
PatternADC: 25180  -1  -1  340  -1  -1  -1  341  -1  -1  -1  -1  -1  -1  -1  -1  -1
PatternADC: 25181  -1  -1  342  -1  -1  -1  343  -1  -1  -1  -1  -1  -1  -1  -1  -1
PatternADC: 25212  -1  -1  344  -1  -1  -1  345  -1  -1  -1  -1  -1  -1  -1  -1  -1
PatternADC: 25213  -1  -1  346  -1  -1  -1  347  -1  -1  -1  -1  -1  -1  -1  -1  -1
PatternADC: 25244  -1  -1  348  -1  -1  -1  349  -1  -1  -1  -1  -1  -1  -1  -1  -1
PatternADC: 25245  -1  -1  350  -1  -1  -1  351  -1  -1  -1  -1  -1  -1  -1  -1  -1
PatternADC: 25276  -1  -1  352  -1  -1  -1  353  -1  -1  -1  -1  -1  -1  -1  -1  -1
PatternADC: 25277  -1  -1  354  -1  -1  -1  355  -1  -1  -1  -1  -1  -1  -1  -1  -1
PatternADC: 25308  -1  -1  356  -1  -1  -1  357  -1  -1  -1  -1  -1  -1  -1  -1  -1
PatternADC: 25309  -1  -1  358  -1  -1  -1  359  -1  -1  -1  -1  -1  -1  -1  -1  -1
PatternADC: 25340  -1  -1  360  -1  -1  -1  361  -1  -1  -1  -1  -1  -1  -1  -1  -1
PatternADC: 25341  -1  -1  362  -1  -1  -1  363  -1  -1  -1  -1  -1  -1  -1  -1  -1
PatternADC: 25372  -1  -1  364  -1  -1  -1  365  -1  -1  -1  -1  -1  -1  -1  -1  -1
PatternADC: 25373  -1  -1  366  -1  -1  -1  367  -1  -1  -1  -1  -1  -1  -1  -1  -1
PatternADC: 25404  -1  -1  368  -1  -1  -1  369  -1  -1  -1  -1  -1  -1  -1  -1  -1
PatternADC: 25405  -1  -1  370  -1  -1  -1  371  -1  -1  -1  -1  -1  -1  -1  -1  -1
PatternADC: 25436  -1  -1  372  -1  -1  -1  373  -1  -1  -1  -1  -1  -1  -1  -1  -1
PatternADC: 25437  -1  -1  374  -1  -1  -1  375  -1  -1  -1  -1  -1  -1  -1  -1  -1
PatternADC: 25468  -1  -1  376  -1  -1  -1  377  -1  -1  -1  -1  -1  -1  -1  -1  -1
PatternADC: 25469  -1  -1  378  -1  -1  -1  379  -1  -1  -1  -1  -1  -1  -1  -1  -1
PatternADC: 25500  -1  -1  380  -1  -1  -1  381  -1  -1  -1  -1  -1  -1  -1  -1  -1
PatternADC: 25501  -1  -1  382  -1  -1  -1  383  -1  -1  -1  -1  -1  -1  -1  -1  -1
##
##
## Veto LED pattern 
##	     Name	        #ADCs	#Channels
PatternSize: Veto_LED_Pat       48      768
# Blocks AB
PatternADC: 26016  000  001  002  003  004  005  006  007  -1  -1  -1  -1  -1  -1  -1  -1
PatternADC: 26048  008  009  010  011  012  013  014  015  -1  -1  -1  -1  -1  -1  -1  -1
PatternADC: 26080  016  017  018  019  020  021  022  023  -1  -1  -1  -1  -1  -1  -1  -1
PatternADC: 26112  024  025  026  027  028  029  030  031  -1  -1  -1  -1  -1  -1  -1  -1
PatternADC: 26144  032  033  034  035  036  037  038  039  -1  -1  -1  -1  -1  -1  -1  -1
PatternADC: 26176  040  041  042  043  044  045  046  047  -1  -1  -1  -1  -1  -1  -1  -1
PatternADC: 26208  048  049  050  051  052  053  054  055  -1  -1  -1  -1  -1  -1  -1  -1
PatternADC: 26240  056  057  058  059  060  061  062  063  -1  -1  -1  -1  -1  -1  -1  -1
PatternADC: 26272  064  065  066  067  068  069  070  071  -1  -1  -1  -1  -1  -1  -1  -1
PatternADC: 26304  072  073  074  075  076  077  078  079  -1  -1  -1  -1  -1  -1  -1  -1
PatternADC: 26336  080  081  082  083  084  085  086  087  -1  -1  -1  -1  -1  -1  -1  -1
PatternADC: 26368  088  089  090  091  092  093  094  095  -1  -1  -1  -1  -1  -1  -1  -1
PatternADC: 26400  096  097  098  099  100  101  102  103  -1  -1  -1  -1  -1  -1  -1  -1
PatternADC: 26432  104  105  106  107  108  109  110  111  -1  -1  -1  -1  -1  -1  -1  -1
PatternADC: 26464  112  113  114  115  116  117  118  119  -1  -1  -1  -1  -1  -1  -1  -1
PatternADC: 26496  120  121  122  123  124  125  126  127  -1  -1  -1  -1  -1  -1  -1  -1
# Blocks CD
PatternADC: 27016  128  129  130  131  132  133  134  135  -1  -1  -1  -1  -1  -1  -1  -1
PatternADC: 27048  136  137  138  139  140  141  142  143  -1  -1  -1  -1  -1  -1  -1  -1
PatternADC: 27080  144  145  146  147  148  149  150  151  -1  -1  -1  -1  -1  -1  -1  -1
PatternADC: 27112  152  153  154  155  156  157  158  159  -1  -1  -1  -1  -1  -1  -1  -1
PatternADC: 27144  160  161  162  163  164  165  166  167  -1  -1  -1  -1  -1  -1  -1  -1
PatternADC: 27176  168  169  170  171  172  173  174  175  -1  -1  -1  -1  -1  -1  -1  -1
PatternADC: 27208  176  177  178  179  180  181  182  183  -1  -1  -1  -1  -1  -1  -1  -1
PatternADC: 27240  184  185  186  187  188  189  190  191  -1  -1  -1  -1  -1  -1  -1  -1
PatternADC: 27272  192  193  194  195  196  197  198  199  -1  -1  -1  -1  -1  -1  -1  -1
PatternADC: 27304  200  201  202  203  204  205  206  207  -1  -1  -1  -1  -1  -1  -1  -1
PatternADC: 27336  208  209  210  211  212  213  214  215  -1  -1  -1  -1  -1  -1  -1  -1
PatternADC: 27368  216  217  218  219  220  221  222  223  -1  -1  -1  -1  -1  -1  -1  -1
PatternADC: 27400  224  225  226  227  228  229  230  231  -1  -1  -1  -1  -1  -1  -1  -1
PatternADC: 27432  232  233  234  235  236  237  238  239  -1  -1  -1  -1  -1  -1  -1  -1
PatternADC: 27464  240  241  242  243  244  245  246  247  -1  -1  -1  -1  -1  -1  -1  -1
PatternADC: 27496  248  249  250  251  252  253  254  255  -1  -1  -1  -1  -1  -1  -1  -1
# Blocks EF
PatternADC: 28016  256  257  258  259  260  261  262  263  -1  -1  -1  -1  -1  -1  -1  -1
PatternADC: 28048  264  265  266  267  268  269  270  271  -1  -1  -1  -1  -1  -1  -1  -1
PatternADC: 28080  272  273  274  275  276  277  278  279  -1  -1  -1  -1  -1  -1  -1  -1
PatternADC: 28112  280  281  282  283  284  285  286  287  -1  -1  -1  -1  -1  -1  -1  -1
PatternADC: 28144  288  289  290  291  292  293  294  295  -1  -1  -1  -1  -1  -1  -1  -1
PatternADC: 28176  296  297  298  299  300  301  302  303  -1  -1  -1  -1  -1  -1  -1  -1
PatternADC: 28208  304  305  306  307  308  309  310  311  -1  -1  -1  -1  -1  -1  -1  -1
PatternADC: 28240  312  313  314  315  316  317  318  319  -1  -1  -1  -1  -1  -1  -1  -1
PatternADC: 28272  320  321  322  323  324  325  326  327  -1  -1  -1  -1  -1  -1  -1  -1
PatternADC: 28304  328  329  330  331  332  333  334  335  -1  -1  -1  -1  -1  -1  -1  -1
PatternADC: 28336  336  337  338  339  340  341  342  343  -1  -1  -1  -1  -1  -1  -1  -1
PatternADC: 28368  344  345  346  347  348  349  350  351  -1  -1  -1  -1  -1  -1  -1  -1
PatternADC: 28400  352  353  354  355  356  357  358  359  -1  -1  -1  -1  -1  -1  -1  -1
PatternADC: 28432  360  361  362  363  364  365  366  367  -1  -1  -1  -1  -1  -1  -1  -1
PatternADC: 28464  368  369  370  371  372  373  374  375  -1  -1  -1  -1  -1  -1  -1  -1
PatternADC: 28496  376  377  378  379  380  381  382  383  -1  -1  -1  -1  -1  -1  -1  -1
##
