   1.    795.865    1.086
   2.    794.773    1.131
   3.    793.635    1.177
   4.    792.452    1.223
   5.    791.223    1.270
   6.    789.947    1.320
   7.    788.620    1.370
   8.    787.244    1.419
   9.    785.819    1.468
  10.    784.348    1.515
  11.    782.832    1.560
  12.    781.272    1.601
  13.    779.672    1.642
  14.    778.034    1.679
  15.    776.362    1.711
  16.    774.660    1.741
  17.    772.932    1.766
  18.    771.183    1.784
  19.    769.417    1.799
  20.    767.642    1.807
  21.    765.857    1.808
  22.    764.077    1.804
  23.    762.301    1.793
  24.    760.538    1.777
  25.    758.794    1.757
  26.    757.072    1.732
  27.    755.375    1.704
  28.    753.708    1.677
  29.    752.070    1.647
  30.    750.461    1.620
  31.    748.878    1.596
  32.    747.318    1.573
  33.    745.788    1.578
  34.    744.254    1.606
  35.    742.726    1.628
  36.    741.194    1.642
  37.    739.653    1.648
  38.    738.099    1.659
  39.    736.516    1.632
  40.    734.969    1.605
  41.    733.397    1.619
  42.    731.817    1.635
  43.    730.232    1.650
  44.    728.641    1.666
  45.    727.043    1.682
  46.    725.440    1.698
  47.    723.830    1.713
  48.    722.216    1.728
  49.    720.572    1.702
  50.    718.965    1.675
  51.    717.331    1.691
  52.    715.691    1.705
  53.    714.044    1.722
  54.    712.391    1.736
  55.    710.731    1.752
  56.    709.065    1.768
  57.    707.376    1.749
  58.    705.715    1.727
  59.    704.029    1.743
  60.    702.338    1.758
  61.    700.640    1.774
  62.    698.935    1.790
  63.    697.224    1.805
  64.    695.506    1.821
  65.    693.782    1.837
  66.    692.052    1.853
  67.    690.315    1.869
  68.    688.549    1.840
  69.    686.822    1.811
  70.    685.066    1.827
  71.    683.303    1.842
  72.    681.534    1.858
  73.    679.757    1.873
  74.    677.975    1.890
  75.    676.186    1.905
  76.    674.391    1.922
  77.    672.570    1.900
  78.    670.781    1.876
  79.    668.967    1.892
  80.    667.146    1.907
  81.    665.319    1.925
  82.    663.486    1.938
  83.    661.645    1.955
  84.    659.799    1.971
  85.    657.946    1.988
  86.    656.067    1.964
  87.    654.223    1.938
  88.    652.351    1.954
  89.    650.473    1.970
  90.    648.589    1.985
  91.    646.699    2.001
  92.    644.802    2.017
  93.    642.900    2.033
  94.    640.991    2.050
  95.    639.058    2.029
  96.    637.156    2.008
  97.    635.229    2.024
  98.    633.296    2.040
  99.    631.357    2.055
 100.    629.412    2.071
 101.    627.461    2.088
 102.    625.504    2.103
 103.    623.541    2.120
 104.    621.551    2.092
 105.    619.598    2.062
 106.    617.618    2.078
 107.    615.632    2.094
 108.    613.640    2.109
 109.    611.643    2.125
 110.    609.639    2.142
 111.    607.630    2.157
 112.    605.616    2.173
 113.    603.595    2.189
 114.    601.549    2.165
 115.    599.538    2.140
 116.    597.501    2.155
 117.    595.459    2.172
 118.    593.411    2.187
 119.    591.358    2.203
 120.    589.299    2.220
 121.    587.235    2.236
 122.    585.166    2.251
 123.    583.092    2.268
 124.    580.987    2.234
 125.    578.927    2.200
 126.    576.836    2.215
 127.    574.741    2.231
 128.    572.641    2.247
 129.    570.536    2.263
 130.    568.425    2.279
 131.    566.310    2.295
 132.    564.190    2.311
 133.    562.064    2.327
 134.    559.908    2.290
 135.    557.800    2.253
 136.    555.660    2.269
 137.    553.515    2.285
 138.    551.366    2.300
 139.    549.212    2.317
 140.    547.054    2.332
 141.    544.891    2.347
 142.    542.723    2.364
 143.    540.551    2.380
 144.    538.375    2.396
 145.    536.166    2.356
 146.    534.008    2.316
 147.    531.818    2.332
 148.    529.624    2.346
 149.    527.426    2.363
 150.    525.223    2.378
 151.    523.016    2.394
 152.    520.805    2.409
 153.    518.590    2.425
 154.    516.371    2.441
 155.    514.148    2.456
 156.    511.892    2.414
 157.    509.689    2.371
 158.    507.455    2.388
 159.    505.216    2.402
 160.    502.973    2.418
 161.    500.726    2.432
 162.    498.476    2.448
 163.    496.223    2.464
 164.    493.965    2.479
 165.    491.704    2.494
 166.    489.439    2.509
 167.    487.141    2.465
 168.    484.899    2.419
 169.    482.624    2.433
 170.    480.345    2.450
 171.    478.063    2.464
 172.    475.778    2.479
 173.    473.490    2.495
 174.    471.198    2.508
 175.    468.903    2.525
 176.    466.604    2.539
 177.    464.303    2.554
 178.    461.972    2.516
 179.    459.692    2.476
 180.    457.382    2.492
 181.    455.068    2.506
 182.    452.752    2.521
 183.    450.434    2.535
 184.    448.112    2.550
 185.    445.788    2.565
 186.    443.460    2.580
 187.    441.130    2.594
 188.    438.797    2.610
 189.    436.429    2.559
 190.    434.125    2.507
 191.    431.784    2.522
 192.    429.442    2.537
 193.    427.097    2.551
 194.    424.749    2.565
 195.    422.399    2.580
 196.    420.047    2.594
 197.    417.692    2.609
 198.    415.335    2.623
 199.    412.976    2.637
 200.    410.615    2.652
 201.    408.223    2.608
 202.    405.887    2.564
 203.    403.519    2.578
 204.    401.150    2.592
 205.    398.778    2.606
 206.    396.406    2.621
 207.    394.031    2.634
 208.    391.654    2.648
 209.    389.276    2.662
 210.    386.895    2.676
 211.    384.513    2.691
 212.    382.129    2.705
 213.    379.708    2.648
 214.    377.357    2.590
 215.    374.968    2.605
 216.    372.578    2.618
 217.    370.187    2.632
 218.    367.794    2.645
 219.    365.400    2.659
 220.    363.004    2.673
 221.    360.607    2.686
 222.    358.209    2.700
 223.    355.809    2.714
 224.    353.408    2.728
 225.    350.970    2.669
 226.    348.604    2.608
 227.    346.200    2.621
 228.    343.795    2.634
 229.    341.388    2.647
 230.    338.981    2.660
 231.    336.573    2.675
 232.    334.164    2.687
 233.    331.754    2.700
 234.    329.343    2.714
 235.    326.932    2.727
 236.    324.520    2.740
 237.    322.074    2.688
 238.    319.693    2.636
 239.    317.278    2.648
 240.    314.863    2.662
 241.    312.448    2.675
 242.    310.032    2.687
 243.    307.615    2.700
 244.    305.198    2.713
 245.    302.781    2.726
 246.    300.362    2.737
 247.    297.944    2.750
 248.    295.525    2.764
 249.    293.073    2.709
 250.    290.686    2.654
 251.    288.267    2.667
 252.    285.847    2.679
 253.    283.427    2.691
 254.    281.007    2.703
 255.    278.586    2.716
 256.    276.166    2.728
 257.    273.745    2.741
 258.    271.325    2.754
 259.    268.904    2.765
 260.    266.483    2.778
 261.    264.028    2.721
 262.    261.642    2.664
 263.    259.222    2.676
 264.    256.802    2.688
 265.    254.382    2.699
 266.    251.962    2.712
 267.    249.542    2.723
 268.    247.122    2.735
 269.    244.704    2.747
 270.    242.285    2.759
 271.    239.866    2.771
 272.    237.448    2.782
 273.    235.001    2.734
 274.    232.613    2.688
 275.    230.197    2.699
 276.    227.781    2.709
 277.    225.364    2.722
 278.    222.950    2.734
 279.    220.536    2.744
 280.    218.121    2.756
 281.    215.708    2.768
 282.    213.295    2.779
 283.    210.883    2.791
 284.    208.472    2.801
 285.    206.025    2.740
 286.    203.651    2.678
 287.    201.241    2.689
 288.    198.833    2.700
 289.    196.425    2.712
 290.    194.019    2.722
 291.    191.613    2.733
 292.    189.208    2.745
 293.    186.804    2.755
 294.    184.401    2.766
 295.    181.998    2.777
 296.    179.597    2.788
 297.    177.166    2.737
 298.    174.798    2.685
 299.    172.400    2.696
 300.    170.002    2.706
 301.    167.606    2.716
 302.    165.212    2.728
 303.    162.818    2.737
 304.    160.425    2.748
 305.    158.033    2.758
 306.    155.643    2.769
 307.    153.254    2.779
 308.    150.866    2.791
 309.    148.448    2.736
 310.    146.094    2.683
 311.    143.711    2.694
 312.    141.328    2.704
 313.    138.947    2.714
 314.    136.567    2.724
 315.    134.188    2.734
 316.    131.811    2.744
 317.    129.435    2.755
 318.    127.061    2.763
 319.    124.687    2.774
 320.    122.316    2.783
 321.    119.946    2.794
 322.    117.545    2.738
 323.    115.211    2.684
 324.    112.845    2.693
 325.    110.482    2.703
 326.    108.119    2.712
 327.    105.758    2.722
 328.    103.399    2.731
 329.    101.042    2.740
 330.     98.686    2.750
 331.     96.332    2.760
 332.     93.979    2.769
 333.     91.628    2.779
 334.     89.279    2.789
 335.     86.898    2.731
 336.     84.585    2.674
 337.     82.242    2.684
 338.     79.899    2.693
 339.     77.558    2.702
 340.     75.220    2.711
 341.     72.883    2.720
 342.     70.548    2.729
 343.     68.214    2.738
 344.     65.883    2.747
 345.     63.554    2.757
 346.     61.226    2.765
 347.     58.900    2.774
 348.     56.542    2.715
 349.     54.254    2.657
 350.     51.933    2.665
 351.     49.615    2.675
 352.     47.298    2.682
