#########################################################################
#                                                                       #
# PbWO4 configuration file                                              #
#                                                                       #
#                                                                       #
##--Update      Tigran Armand Rostomyan  09.Aug.2014                    #
#                                                                       #
#########################################################################
#
## Total # Elements in array, Pulse-Height info? Time info? Position info?
## Info switch is off/on = 0/1
##      Total   Energy? Time?   Position?
#
Size:   72      1       1       1
RawHits:
#BitPattern: data/TAPS.pat
#
#         ADC#      low  high      ped     MeV/ch    TDC#     low     high      Off      ns/ch      Pos x      y     z (cm)
#
# BLOCK A
#
# 4 PWO Ring 1
Element:   29000  1.000 2000.0  100.415 0.244840 29224M0 -1000.0  1000.0 -5793.11 0.100000   -3.849    4.333  145.700
Element:   29002  1.000 2000.0   90.482 0.245885 29225M0 -1000.0  1000.0 -5797.53 0.100000   -3.849    1.667  145.700
Element:   29004  1.000 2000.0   88.651 0.244256 29226M0 -1000.0  1000.0 -5791.62 0.100000   -6.543    1.667  145.700
Element:   29006  1.000 2000.0  111.690 0.245656 29227M0 -1000.0  1000.0 -5785.57 0.100000   -6.543    4.333  145.700
#
# 4 PWO Ring 2
Element:   29008  1.000 2000.0  112.271 0.246508 29228M0 -1000.0  1000.0 -5793.20 0.100000   -9.045    7.333  145.700
Element:   29010  1.000 2000.0   91.214 0.243194 29229M0 -1000.0  1000.0 -5796.48 0.100000   -9.045    4.667  145.700
Element:   29012  1.000 2000.0   75.788 0.247730 29230M0 -1000.0  1000.0 -5797.29 0.100000  -11.739    4.667  145.700
Element:   29014  1.000 2000.0  107.655 0.250564 29231M0 -1000.0  1000.0 -5799.77 0.100000  -11.739    7.333  145.700
#
# 4 PWO Ring 2
Element:   29016  1.000 2000.0   81.959 0.255559 29232M0 -1000.0  1000.0 -5801.68 0.100000   -9.045    1.333  145.700
Element:   29018  1.000 2000.0  108.085 0.249800 29233M0 -1000.0  1000.0 -5785.92 0.100000   -9.045   -1.333  145.700
Element:   29020  1.000 2000.0  108.996 0.245780 29234M0 -1000.0  1000.0 -5797.14 0.100000  -11.739   -1.333  145.700
Element:   29022  1.000 2000.0  126.210 0.252358 29235M0 -1000.0  1000.0 -5797.91 0.100000  -11.739    1.333  145.700
#
# BLOCK B
#
# 4 PWO Ring 1
Element:   29024  1.000 2000.0   79.266 0.246551 29236M0 -1000.0  1000.0 -5813.68 0.100000   -3.849   -1.667  145.700
Element:   29026  1.000 2000.0  115.776 0.250419 29237M0 -1000.0  1000.0 -5809.65 0.100000   -3.849   -4.333  145.700
Element:   29028  1.000 2000.0   89.992 0.253152 29238M0 -1000.0  1000.0 -5805.35 0.100000   -6.543   -4.333  145.700
Element:   29030  1.000 2000.0  118.195 0.251693 29239M0 -1000.0  1000.0 -5817.42 0.100000   -6.543   -1.667  145.700
#
# 4 PWO Ring 2
Element:   29032  1.000 2000.0   91.356 0.249968 29240M0 -1000.0  1000.0 -5791.48 0.100000   -9.045   -4.667  145.700
Element:   29034  1.000 2000.0   97.084 0.256760 29241M0 -1000.0  1000.0 -5789.39 0.100000   -9.045   -7.333  145.700
Element:   29036  1.000 2000.0  106.861 0.245869 29242M0 -1000.0  1000.0 -5798.39 0.100000  -11.739   -7.333  145.700
Element:   29038  1.000 2000.0   58.193 0.247263 29243M0 -1000.0  1000.0 -5794.90 0.100000  -11.739   -4.667  145.700
#
# 4 PWO Ring 2
Element:   29040  1.000 2000.0   93.433 0.245687 29244M0 -1000.0  1000.0 -5809.41 0.100000   -3.849   -7.667  145.700
Element:   29042  1.000 2000.0   49.028 0.247761 29245M0 -1000.0  1000.0 -5800.99 0.100000   -3.849  -10.333  145.700
Element:   29044  1.000 2000.0   94.332 0.245635 29246M0 -1000.0  1000.0 -5798.18 0.100000   -6.543  -10.333  145.700
Element:   29046  1.000 2000.0   99.617 0.252952 29247M0 -1000.0  1000.0 -5803.91 0.100000   -6.543   -7.667  145.700
#
# BLOCK C
#
# 4 PWO Ring 1
Element:   29048  1.000 2000.0   96.835 0.247550 29248M0 -1000.0  1000.0 -5808.34 0.100000    1.347   -4.667  145.700
Element:   29050  1.000 2000.0   78.955 0.245362 29249M0 -1000.0  1000.0 -5812.30 0.100000    1.347   -7.333  145.700
Element:   29052  1.000 2000.0  115.377 0.244652 29250M0 -1000.0  1000.0 -5818.36 0.100000   -1.347   -7.333  145.700
Element:   29054  1.000 2000.0   60.083 0.244565 29251M0 -1000.0  1000.0 -5809.79 0.100000   -1.347   -4.667  145.700
#
# 4 PWO Ring 2
Element:   29056  1.000 2000.0   92.523 0.246444 29252M0 -1000.0  1000.0 -5801.64 0.100000    1.347  -10.667  145.700
Element:   29058  1.000 2000.0   99.654 0.254875 29253M0 -1000.0  1000.0 -5799.00 0.100000    1.347  -13.333  145.700
Element:   29060  1.000 2000.0  115.459 0.249897 29254M0 -1000.0  1000.0 -5796.04 0.100000   -1.347  -13.333  145.700
Element:   29062  1.000 2000.0  124.330 0.262943 29255M0 -1000.0  1000.0 -5803.52 0.100000   -1.347  -10.667  145.700
#
# 4 PWO Ring 2
Element:   29064  1.000 2000.0   61.701 0.246072 29256M0 -1000.0  1000.0 -5793.21 0.100000    6.543   -7.667  145.700
Element:   29066  1.000 2000.0   98.668 0.251785 29257M0 -1000.0  1000.0 -5794.27 0.100000    6.543  -10.333  145.700
Element:   29068  1.000 2000.0   62.633 0.257179 29258M0 -1000.0  1000.0 -5782.64 0.100000    3.849  -10.333  145.700
Element:   29070  1.000 2000.0  103.285 0.247688 29259M0 -1000.0  1000.0 -5796.05 0.100000    3.849   -7.667  145.700
#
# BLOCK D
#
# 4 PWO Ring 1
Element:   29072  1.000 2000.0   79.082 0.247145 29260M0 -1000.0  1000.0 -5803.05 0.100000    6.543   -1.667  145.700
Element:   29074  1.000 2000.0  102.834 0.250414 29261M0 -1000.0  1000.0 -5822.31 0.100000    6.543   -4.333  145.700
Element:   29076  1.000 2000.0  110.518 0.247162 29262M0 -1000.0  1000.0 -5800.71 0.100000    3.849   -4.333  145.700
Element:   29078  1.000 2000.0  109.649 0.257320 29263M0 -1000.0  1000.0 -5809.55 0.100000    3.849   -1.667  145.700
#
# 4 PWO Ring 2
Element:   29080  1.000 2000.0   69.256 0.243628 29264M0 -1000.0  1000.0 -5782.34 0.100000   11.739   -4.667  145.700
Element:   29082  1.000 2000.0   82.074 0.214928 29265M0 -1000.0  1000.0 -5782.80 0.100000   11.739   -7.333  145.700
Element:   29084  1.000 2000.0  110.929 0.255572 29266M0 -1000.0  1000.0 -5793.01 0.100000    9.045   -7.333  145.700
Element:   29086  1.000 2000.0   82.750 0.251129 29267M0 -1000.0  1000.0 -5798.49 0.100000    9.045   -4.667  145.700
#
# 4 PWO Ring 2
Element:   29088  1.000 2000.0   87.321 0.244844 29268M0 -1000.0  1000.0 -5798.59 0.100000   11.739    1.333  145.700
Element:   29090  1.000 2000.0   95.486 0.243956 29269M0 -1000.0  1000.0 -5800.52 0.100000   11.739   -1.333  145.700
Element:   29092  1.000 2000.0   98.404 0.245653 29270M0 -1000.0  1000.0 -5802.45 0.100000    9.045   -1.333  145.700
Element:   29094  1.000 2000.0   83.250 0.249848 29271M0 -1000.0  1000.0 -5813.49 0.100000    9.045    1.333  145.700
#
# BLOCK E
#
# 4 PWO Ring 1
Element:   29096  1.000 2000.0   85.817 0.247834 29272M0 -1000.0  1000.0 -5801.87 0.100000    6.543    4.333  145.700
Element:   29098  1.000 2000.0   88.012 0.253929 29273M0 -1000.0  1000.0 -5817.10 0.100000    6.543    1.667  145.700
Element:   29100  1.000 2000.0   94.416 0.250944 29274M0 -1000.0  1000.0 -5806.12 0.100000    3.849    1.667  145.700
Element:   29102  1.000 2000.0   90.700 0.244847 29275M0 -1000.0  1000.0 -5808.82 0.100000    3.849    4.333  145.700
#
# 4 PWO Ring 2
Element:   29104  1.000 2000.0  110.818 0.248777 29276M0 -1000.0  1000.0 -5821.23 0.100000   11.739    7.333  145.700
Element:   29106  1.000 2000.0   87.701 0.243210 29277M0 -1000.0  1000.0 -5802.96 0.100000   11.739    4.667  145.700
Element:   29108  1.000 2000.0  100.586 0.253126 29278M0 -1000.0  1000.0 -5794.06 0.100000    9.045    4.667  145.700
Element:   29110  1.000 2000.0   96.393 0.246150 29279M0 -1000.0  1000.0 -5813.32 0.100000    9.045    7.333  145.700
#
# 4 PWO Ring 2
Element:   29112  1.000 2000.0   83.775 0.249521 29280M0 -1000.0  1000.0 -5802.58 0.100000    6.543   10.333  145.700
Element:   29114  1.000 2000.0   82.384 0.247637 29281M0 -1000.0  1000.0 -5797.72 0.100000    6.543    7.667  145.700
Element:   29116  1.000 2000.0   93.050 0.251109 29282M0 -1000.0  1000.0 -5795.52 0.100000    3.849    7.667  145.700
Element:   29118  1.000 2000.0   90.582 0.251014 29283M0 -1000.0  1000.0 -5819.66 0.100000    3.849   10.333  145.700
#
# BLOCK F
#
# 4 PWO Ring 1
Element:   29120  1.000 2000.0   88.877 0.247022 29284M0 -1000.0  1000.0 -5809.36 0.100000    1.347    7.333  145.700
Element:   29122  1.000 2000.0   86.128 0.249935 29285M0 -1000.0  1000.0 -5809.66 0.100000    1.347    4.667  145.700
Element:   29124  1.000 2000.0   88.904 0.246262 29286M0 -1000.0  1000.0 -5798.71 0.100000   -1.347    4.667  145.700
Element:   29126  1.000 2000.0   86.305 0.242927 29287M0 -1000.0  1000.0 -5808.20 0.100000   -1.347    7.333  145.700
#
# 4 PWO Ring 2
Element:   29128  1.000 2000.0   98.193 2.026533 29288M0 -1000.0  1000.0 -5814.38 0.100000    1.347   13.333  145.700
Element:   29130  1.000 2000.0   76.809 0.249974 29289M0 -1000.0  1000.0 -5791.52 0.100000    1.347   10.667  145.700
Element:   29132  1.000 2000.0   81.640 0.254329 29290M0 -1000.0  1000.0 -5798.13 0.100000   -1.347   10.667  145.700
Element:   29134  1.000 2000.0   81.127 0.249527 29291M0 -1000.0  1000.0 -5803.46 0.100000   -1.347   13.333  145.700
#
# 4 PWO Ring 2
Element:   29136  1.000 2000.0   85.064 0.240397 29292M0 -1000.0  1000.0 -5796.70 0.100000   -3.849   10.333  145.700
Element:   29138  1.000 2000.0   87.077 0.272205 29293M0 -1000.0  1000.0 -5799.02 0.100000   -3.849    7.667  145.700
Element:   29140  1.000 2000.0   85.489 0.247068 29294M0 -1000.0  1000.0 -5806.01 0.100000   -6.543    7.667  145.700
Element:   29142  1.000 2000.0   92.113 0.244331 29295M0 -1000.0  1000.0 -5805.47 0.100000   -6.543   10.333  145.700
#
##
Initialise:
##
#####################################################################
##      Histograming of basic detector stuff
#####################################################################
Display: 1D	NADChits    72 0 72
Display: 1D	NTDChits    72 0 72
Display: 1D     Nhits       72 0 72
Display: 1D	ADCHits	    72 0 72 
Display: 1D	TDCHits	    72 0 72 
Display: 1D     Hits        72 0 72 
Display: 1D     EnergyOR    500  0 500
Display: 1D     TimeOR      200 -1000 1000
Display: 2D     TimeOR      200 -1000 1000 -1 EnergyOR        500  0 500 -1
Display: 2D     EnergyOR    250 0 500 -1    Hits   72  0 72 -1
Display: 2D     TimeOR      200 -1000 1000 -1    Hits   72  0 72 -1
Display:  2D	 ClTheta     100 0 25 -1    ClPhi  180 -180 180 -1
Display: 1D	 Etot        400 0 800
#Display: 1D     Energy      400  0 400     0 72
