##-----------------------------------------------------------------------
##--Author	JRM Annand   13th May 2004
##--Update	JRM Annand... 8th Sep 2004 alpha-production version
##--Description
##                *** Acqu++ <-> Root ***
## Online/Offline Analysis of Sub-Atomic Physics Experimental Data
##
## Parameter File: MWPC_MC.dat (specified in CB_MC.dat)
## for data generated by the GEANT-3 based MC model of CB - TAPS
## Setup of decoding of DAPHNE-style MWPC (TA2CylMWPC) detector class
## This is for the 2-chamber Crystal Ball setup July 2004
##
##-----------------------------------------------------------------------
## Total # Elements in array, Pulse-Height info? Time info? Position info?
## Info switch is off/on = 0/1
##	Total	Energy?	Time?	Position?
Size:	800	1	1	1
##
## Total # active layers in detector
Number-Layers: 		6
## # Chambers giving hit position
Number-Chambers:	2
##
## Which layers belong to chambers 0,1,....
## 2-chamber DAPHNE-style MWPC.....2 cathode + 1 anode per chamber
## Chamber 0
Layers-In-Chamber:	2	0	3
## Chamber 1
Layers-In-Chamber:	4	1	5
##
## Misc. parameters of the detector
## In the TA2DaphneMWPC case...
## MI max # intersect positions, MT max # tracks,
## dPhi max difference between strip & wire Phi (rad)
## Rmax, Zmax, Zmin coordinate limits for valid track vertex (mm)
## dPhi12 max difference in phi chambers 1 & 2 for track reconstruction (rad)
##			MI MT MV dPhi   Rmax Zmax Zmin dPhi12
Chamber-Parameter:	16  8  4 0.100  50.0 500  -500 0.5
##
## 1st Layer: Chamber 1 "plane" of wires. dist(mm), angles(deg), corr coefs
## #wi:number of strips; mcl:max number clusters; cls:max cluster size;
## rad: radius (mm); len: length (mm);
## phi0-2: quadratic phi correction coeffs (rad)
##	  name	#wi mcl cls rad len phi0  phi1  phi2
##Cyl-Wire: Wire1	192 4	4   64  360 0.00  00.00 00.00
Cyl-Wire: Wire1	192 4	4   64  360 -0.2164  00.00 00.00
##
# Specify each wire  belonging to inner wire plane...one line for each
#	 ADC# l h p MeV/ch   TDC#   low/high off  ns/ch   r,  z, phi
Element: 0    0 0 0 0.000    4096   0   500 -4000 0.117   6.4 0.0 0.0
Element: 0    0 0 0 0.000    4097   0   500 -4000 0.117   6.4 0.0 0.0
Element: 0    0 0 0 0.000    4098   0   500 -4000 0.117   6.4 0.0 0.0
Element: 0    0 0 0 0.000    4099   0   500 -4000 0.117   6.4 0.0 0.0
Element: 0    0 0 0 0.000    4100   0   500 -4000 0.117   6.4 0.0 0.0
Element: 0    0 0 0 0.000    4101   0   500 -4000 0.117   6.4 0.0 0.0
Element: 0    0 0 0 0.000    4102   0   500 -4000 0.117   6.4 0.0 0.0
Element: 0    0 0 0 0.000    4103   0   500 -4000 0.117   6.4 0.0 0.0
Element: 0    0 0 0 0.000    4104   0   500 -4000 0.117   6.4 0.0 0.0
Element: 0    0 0 0 0.000    4105   0   500 -4000 0.117   6.4 0.0 0.0
Element: 0    0 0 0 0.000    4106   0   500 -4000 0.117   6.4 0.0 0.0
Element: 0    0 0 0 0.000    4107   0   500 -4000 0.117   6.4 0.0 0.0
Element: 0    0 0 0 0.000    4108   0   500 -4000 0.117   6.4 0.0 0.0
Element: 0    0 0 0 0.000    4109   0   500 -4000 0.117   6.4 0.0 0.0
Element: 0    0 0 0 0.000    4110   0   500 -4000 0.117   6.4 0.0 0.0
Element: 0    0 0 0 0.000    4111   0   500 -4000 0.117   6.4 0.0 0.0
Element: 0    0 0 0 0.000    4112   0   500 -4000 0.117   6.4 0.0 0.0
Element: 0    0 0 0 0.000    4113   0   500 -4000 0.117   6.4 0.0 0.0
Element: 0    0 0 0 0.000    4114   0   500 -4000 0.117   6.4 0.0 0.0
Element: 0    0 0 0 0.000    4115   0   500 -4000 0.117   6.4 0.0 0.0
Element: 0    0 0 0 0.000    4116   0   500 -4000 0.117   6.4 0.0 0.0
Element: 0    0 0 0 0.000    4117   0   500 -4000 0.117   6.4 0.0 0.0
Element: 0    0 0 0 0.000    4118   0   500 -4000 0.117   6.4 0.0 0.0
Element: 0    0 0 0 0.000    4119   0   500 -4000 0.117   6.4 0.0 0.0
Element: 0    0 0 0 0.000    4120   0   500 -4000 0.117   6.4 0.0 0.0
Element: 0    0 0 0 0.000    4121   0   500 -4000 0.117   6.4 0.0 0.0
Element: 0    0 0 0 0.000    4122   0   500 -4000 0.117   6.4 0.0 0.0
Element: 0    0 0 0 0.000    4123   0   500 -4000 0.117   6.4 0.0 0.0
Element: 0    0 0 0 0.000    4124   0   500 -4000 0.117   6.4 0.0 0.0
Element: 0    0 0 0 0.000    4125   0   500 -4000 0.117   6.4 0.0 0.0
Element: 0    0 0 0 0.000    4126   0   500 -4000 0.117   6.4 0.0 0.0
Element: 0    0 0 0 0.000    4127   0   500 -4000 0.117   6.4 0.0 0.0
Element: 0    0 0 0 0.000    4144   0   500 -4000 0.117   6.4 0.0 0.0
Element: 0    0 0 0 0.000    4145   0   500 -4000 0.117   6.4 0.0 0.0
Element: 0    0 0 0 0.000    4146   0   500 -4000 0.117   6.4 0.0 0.0
Element: 0    0 0 0 0.000    4147   0   500 -4000 0.117   6.4 0.0 0.0
Element: 0    0 0 0 0.000    4148   0   500 -4000 0.117   6.4 0.0 0.0
Element: 0    0 0 0 0.000    4149   0   500 -4000 0.117   6.4 0.0 0.0
Element: 0    0 0 0 0.000    4150   0   500 -4000 0.117   6.4 0.0 0.0
Element: 0    0 0 0 0.000    4151   0   500 -4000 0.117   6.4 0.0 0.0
Element: 0    0 0 0 0.000    4152   0   500 -4000 0.117   6.4 0.0 0.0
Element: 0    0 0 0 0.000    4153   0   500 -4000 0.117   6.4 0.0 0.0
Element: 0    0 0 0 0.000    4154   0   500 -4000 0.117   6.4 0.0 0.0
Element: 0    0 0 0 0.000    4155   0   500 -4000 0.117   6.4 0.0 0.0
Element: 0    0 0 0 0.000    4156   0   500 -4000 0.117   6.4 0.0 0.0
Element: 0    0 0 0 0.000    4157   0   500 -4000 0.117   6.4 0.0 0.0
Element: 0    0 0 0 0.000    4158   0   500 -4000 0.117   6.4 0.0 0.0
Element: 0    0 0 0 0.000    4159   0   500 -4000 0.117   6.4 0.0 0.0
Element: 0    0 0 0 0.000    4128   0   500 -4000 0.117   6.4 0.0 0.0
Element: 0    0 0 0 0.000    4129   0   500 -4000 0.117   6.4 0.0 0.0
Element: 0    0 0 0 0.000    4130   0   500 -4000 0.117   6.4 0.0 0.0
Element: 0    0 0 0 0.000    4131   0   500 -4000 0.117   6.4 0.0 0.0
Element: 0    0 0 0 0.000    4132   0   500 -4000 0.117   6.4 0.0 0.0
Element: 0    0 0 0 0.000    4133   0   500 -4000 0.117   6.4 0.0 0.0
Element: 0    0 0 0 0.000    4134   0   500 -4000 0.117   6.4 0.0 0.0
Element: 0    0 0 0 0.000    4135   0   500 -4000 0.117   6.4 0.0 0.0
Element: 0    0 0 0 0.000    4136   0   500 -4000 0.117   6.4 0.0 0.0
Element: 0    0 0 0 0.000    4137   0   500 -4000 0.117   6.4 0.0 0.0
Element: 0    0 0 0 0.000    4138   0   500 -4000 0.117   6.4 0.0 0.0
Element: 0    0 0 0 0.000    4139   0   500 -4000 0.117   6.4 0.0 0.0
Element: 0    0 0 0 0.000    4140   0   500 -4000 0.117   6.4 0.0 0.0
Element: 0    0 0 0 0.000    4141   0   500 -4000 0.117   6.4 0.0 0.0
Element: 0    0 0 0 0.000    4142   0   500 -4000 0.117   6.4 0.0 0.0
Element: 0    0 0 0 0.000    4143   0   500 -4000 0.117   6.4 0.0 0.0
Element: 0    0 0 0 0.000    4160   0   500 -4000 0.117   6.4 0.0 0.0
Element: 0    0 0 0 0.000    4161   0   500 -4000 0.117   6.4 0.0 0.0
Element: 0    0 0 0 0.000    4162   0   500 -4000 0.117   6.4 0.0 0.0
Element: 0    0 0 0 0.000    4163   0   500 -4000 0.117   6.4 0.0 0.0
Element: 0    0 0 0 0.000    4164   0   500 -4000 0.117   6.4 0.0 0.0
Element: 0    0 0 0 0.000    4165   0   500 -4000 0.117   6.4 0.0 0.0
Element: 0    0 0 0 0.000    4166   0   500 -4000 0.117   6.4 0.0 0.0
Element: 0    0 0 0 0.000    4167   0   500 -4000 0.117   6.4 0.0 0.0
Element: 0    0 0 0 0.000    4168   0   500 -4000 0.117   6.4 0.0 0.0
Element: 0    0 0 0 0.000    4169   0   500 -4000 0.117   6.4 0.0 0.0
Element: 0    0 0 0 0.000    4170   0   500 -4000 0.117   6.4 0.0 0.0
Element: 0    0 0 0 0.000    4171   0   500 -4000 0.117   6.4 0.0 0.0
Element: 0    0 0 0 0.000    4172   0   500 -4000 0.117   6.4 0.0 0.0
Element: 0    0 0 0 0.000    4173   0   500 -4000 0.117   6.4 0.0 0.0
Element: 0    0 0 0 0.000    4174   0   500 -4000 0.117   6.4 0.0 0.0
Element: 0    0 0 0 0.000    4175   0   500 -4000 0.117   6.4 0.0 0.0
Element: 0    0 0 0 0.000    4176   0   500 -4000 0.117   6.4 0.0 0.0
Element: 0    0 0 0 0.000    4177   0   500 -4000 0.117   6.4 0.0 0.0
Element: 0    0 0 0 0.000    4178   0   500 -4000 0.117   6.4 0.0 0.0
Element: 0    0 0 0 0.000    4179   0   500 -4000 0.117   6.4 0.0 0.0
Element: 0    0 0 0 0.000    4180   0   500 -4000 0.117   6.4 0.0 0.0
Element: 0    0 0 0 0.000    4181   0   500 -4000 0.117   6.4 0.0 0.0
Element: 0    0 0 0 0.000    4182   0   500 -4000 0.117   6.4 0.0 0.0
Element: 0    0 0 0 0.000    4183   0   500 -4000 0.117   6.4 0.0 0.0
Element: 0    0 0 0 0.000    4184   0   500 -4000 0.117   6.4 0.0 0.0
Element: 0    0 0 0 0.000    4185   0   500 -4000 0.117   6.4 0.0 0.0
Element: 0    0 0 0 0.000    4186   0   500 -4000 0.117   6.4 0.0 0.0
Element: 0    0 0 0 0.000    4187   0   500 -4000 0.117   6.4 0.0 0.0
Element: 0    0 0 0 0.000    4188   0   500 -4000 0.117   6.4 0.0 0.0
Element: 0    0 0 0 0.000    4189   0   500 -4000 0.117   6.4 0.0 0.0
Element: 0    0 0 0 0.000    4190   0   500 -4000 0.117   6.4 0.0 0.0
Element: 0    0 0 0 0.000    4191   0   500 -4000 0.117   6.4 0.0 0.0
Element: 0    0 0 0 0.000    4000   0   500 -4000 0.117   6.4 0.0 0.0
Element: 0    0 0 0 0.000    4001   0   500 -4000 0.117   6.4 0.0 0.0
Element: 0    0 0 0 0.000    4002   0   500 -4000 0.117   6.4 0.0 0.0
Element: 0    0 0 0 0.000    4003   0   500 -4000 0.117   6.4 0.0 0.0
Element: 0    0 0 0 0.000    4004   0   500 -4000 0.117   6.4 0.0 0.0
Element: 0    0 0 0 0.000    4005   0   500 -4000 0.117   6.4 0.0 0.0
Element: 0    0 0 0 0.000    4006   0   500 -4000 0.117   6.4 0.0 0.0
Element: 0    0 0 0 0.000    4007   0   500 -4000 0.117   6.4 0.0 0.0
Element: 0    0 0 0 0.000    4008   0   500 -4000 0.117   6.4 0.0 0.0
Element: 0    0 0 0 0.000    4009   0   500 -4000 0.117   6.4 0.0 0.0
Element: 0    0 0 0 0.000    4010   0   500 -4000 0.117   6.4 0.0 0.0
Element: 0    0 0 0 0.000    4011   0   500 -4000 0.117   6.4 0.0 0.0
Element: 0    0 0 0 0.000    4012   0   500 -4000 0.117   6.4 0.0 0.0
Element: 0    0 0 0 0.000    4013   0   500 -4000 0.117   6.4 0.0 0.0
Element: 0    0 0 0 0.000    4014   0   500 -4000 0.117   6.4 0.0 0.0
Element: 0    0 0 0 0.000    4015   0   500 -4000 0.117   6.4 0.0 0.0
Element: 0    0 0 0 0.000    4016   0   500 -4000 0.117   6.4 0.0 0.0
Element: 0    0 0 0 0.000    4017   0   500 -4000 0.117   6.4 0.0 0.0
Element: 0    0 0 0 0.000    4018   0   500 -4000 0.117   6.4 0.0 0.0
Element: 0    0 0 0 0.000    4019   0   500 -4000 0.117   6.4 0.0 0.0
Element: 0    0 0 0 0.000    4020   0   500 -4000 0.117   6.4 0.0 0.0
Element: 0    0 0 0 0.000    4021   0   500 -4000 0.117   6.4 0.0 0.0
Element: 0    0 0 0 0.000    4022   0   500 -4000 0.117   6.4 0.0 0.0
Element: 0    0 0 0 0.000    4023   0   500 -4000 0.117   6.4 0.0 0.0
Element: 0    0 0 0 0.000    4024   0   500 -4000 0.117   6.4 0.0 0.0
Element: 0    0 0 0 0.000    4025   0   500 -4000 0.117   6.4 0.0 0.0
Element: 0    0 0 0 0.000    4026   0   500 -4000 0.117   6.4 0.0 0.0
Element: 0    0 0 0 0.000    4027   0   500 -4000 0.117   6.4 0.0 0.0
Element: 0    0 0 0 0.000    4028   0   500 -4000 0.117   6.4 0.0 0.0
Element: 0    0 0 0 0.000    4029   0   500 -4000 0.117   6.4 0.0 0.0
Element: 0    0 0 0 0.000    4030   0   500 -4000 0.117   6.4 0.0 0.0
Element: 0    0 0 0 0.000    4031   0   500 -4000 0.117   6.4 0.0 0.0
Element: 0    0 0 0 0.000    4032   0   500 -4000 0.117   6.4 0.0 0.0
Element: 0    0 0 0 0.000    4033   0   500 -4000 0.117   6.4 0.0 0.0
Element: 0    0 0 0 0.000    4034   0   500 -4000 0.117   6.4 0.0 0.0
Element: 0    0 0 0 0.000    4035   0   500 -4000 0.117   6.4 0.0 0.0
Element: 0    0 0 0 0.000    4036   0   500 -4000 0.117   6.4 0.0 0.0
Element: 0    0 0 0 0.000    4037   0   500 -4000 0.117   6.4 0.0 0.0
Element: 0    0 0 0 0.000    4038   0   500 -4000 0.117   6.4 0.0 0.0
Element: 0    0 0 0 0.000    4039   0   500 -4000 0.117   6.4 0.0 0.0
Element: 0    0 0 0 0.000    4040   0   500 -4000 0.117   6.4 0.0 0.0
Element: 0    0 0 0 0.000    4041   0   500 -4000 0.117   6.4 0.0 0.0
Element: 0    0 0 0 0.000    4042   0   500 -4000 0.117   6.4 0.0 0.0
Element: 0    0 0 0 0.000    4043   0   500 -4000 0.117   6.4 0.0 0.0
Element: 0    0 0 0 0.000    4044   0   500 -4000 0.117   6.4 0.0 0.0
Element: 0    0 0 0 0.000    4045   0   500 -4000 0.117   6.4 0.0 0.0
Element: 0    0 0 0 0.000    4046   0   500 -4000 0.117   6.4 0.0 0.0
Element: 0    0 0 0 0.000    4047   0   500 -4000 0.117   6.4 0.0 0.0
Element: 0    0 0 0 0.000    4048   0   500 -4000 0.117   6.4 0.0 0.0
Element: 0    0 0 0 0.000    4049   0   500 -4000 0.117   6.4 0.0 0.0
Element: 0    0 0 0 0.000    4050   0   500 -4000 0.117   6.4 0.0 0.0
Element: 0    0 0 0 0.000    4051   0   500 -4000 0.117   6.4 0.0 0.0
Element: 0    0 0 0 0.000    4052   0   500 -4000 0.117   6.4 0.0 0.0
Element: 0    0 0 0 0.000    4053   0   500 -4000 0.117   6.4 0.0 0.0
Element: 0    0 0 0 0.000    4054   0   500 -4000 0.117   6.4 0.0 0.0
Element: 0    0 0 0 0.000    4055   0   500 -4000 0.117   6.4 0.0 0.0
Element: 0    0 0 0 0.000    4056   0   500 -4000 0.117   6.4 0.0 0.0
Element: 0    0 0 0 0.000    4057   0   500 -4000 0.117   6.4 0.0 0.0
Element: 0    0 0 0 0.000    4058   0   500 -4000 0.117   6.4 0.0 0.0
Element: 0    0 0 0 0.000    4059   0   500 -4000 0.117   6.4 0.0 0.0
Element: 0    0 0 0 0.000    4060   0   500 -4000 0.117   6.4 0.0 0.0
Element: 0    0 0 0 0.000    4061   0   500 -4000 0.117   6.4 0.0 0.0
Element: 0    0 0 0 0.000    4062   0   500 -4000 0.117   6.4 0.0 0.0
Element: 0    0 0 0 0.000    4063   0   500 -4000 0.117   6.4 0.0 0.0
Element: 0    0 0 0 0.000    4064   0   500 -4000 0.117   6.4 0.0 0.0
Element: 0    0 0 0 0.000    4065   0   500 -4000 0.117   6.4 0.0 0.0
Element: 0    0 0 0 0.000    4066   0   500 -4000 0.117   6.4 0.0 0.0
Element: 0    0 0 0 0.000    4067   0   500 -4000 0.117   6.4 0.0 0.0
Element: 0    0 0 0 0.000    4068   0   500 -4000 0.117   6.4 0.0 0.0
Element: 0    0 0 0 0.000    4069   0   500 -4000 0.117   6.4 0.0 0.0
Element: 0    0 0 0 0.000    4070   0   500 -4000 0.117   6.4 0.0 0.0
Element: 0    0 0 0 0.000    4071   0   500 -4000 0.117   6.4 0.0 0.0
Element: 0    0 0 0 0.000    4072   0   500 -4000 0.117   6.4 0.0 0.0
Element: 0    0 0 0 0.000    4073   0   500 -4000 0.117   6.4 0.0 0.0
Element: 0    0 0 0 0.000    4074   0   500 -4000 0.117   6.4 0.0 0.0
Element: 0    0 0 0 0.000    4075   0   500 -4000 0.117   6.4 0.0 0.0
Element: 0    0 0 0 0.000    4076   0   500 -4000 0.117   6.4 0.0 0.0
Element: 0    0 0 0 0.000    4077   0   500 -4000 0.117   6.4 0.0 0.0
Element: 0    0 0 0 0.000    4078   0   500 -4000 0.117   6.4 0.0 0.0
Element: 0    0 0 0 0.000    4079   0   500 -4000 0.117   6.4 0.0 0.0
Element: 0    0 0 0 0.000    4080   0   500 -4000 0.117   6.4 0.0 0.0
Element: 0    0 0 0 0.000    4081   0   500 -4000 0.117   6.4 0.0 0.0
Element: 0    0 0 0 0.000    4082   0   500 -4000 0.117   6.4 0.0 0.0
Element: 0    0 0 0 0.000    4083   0   500 -4000 0.117   6.4 0.0 0.0
Element: 0    0 0 0 0.000    4084   0   500 -4000 0.117   6.4 0.0 0.0
Element: 0    0 0 0 0.000    4085   0   500 -4000 0.117   6.4 0.0 0.0
Element: 0    0 0 0 0.000    4086   0   500 -4000 0.117   6.4 0.0 0.0
Element: 0    0 0 0 0.000    4087   0   500 -4000 0.117   6.4 0.0 0.0
Element: 0    0 0 0 0.000    4088   0   500 -4000 0.117   6.4 0.0 0.0
Element: 0    0 0 0 0.000    4089   0   500 -4000 0.117   6.4 0.0 0.0
Element: 0    0 0 0 0.000    4090   0   500 -4000 0.117   6.4 0.0 0.0
Element: 0    0 0 0 0.000    4091   0   500 -4000 0.117   6.4 0.0 0.0
Element: 0    0 0 0 0.000    4092   0   500 -4000 0.117   6.4 0.0 0.0
Element: 0    0 0 0 0.000    4093   0   500 -4000 0.117   6.4 0.0 0.0
Element: 0    0 0 0 0.000    4094   0   500 -4000 0.117   6.4 0.0 0.0
Element: 0    0 0 0 0.000    4095   0   500 -4000 0.117   6.4 0.0 0.0
##
## 2th Layer: Chamber 2 "plane" of wires.
## #wi:number of strips; mcl:max number clusters; cls:max cluster size;
## rad: radius (mm); len: length (mm);
## phi0-2: quadratic z correction coeffs;
##	  name	#wi mcl cls rad len phi0  phi1  phi2
##Cyl-Wire: Wire2	288 4	4   96  560 0.0  00.00 00.00
Cyl-Wire: Wire2	288 4	4   96  560 -0.0316  00.00 00.00
##
# Specify each wire  belonging to inner wire plane...one line for each
#	 ADC# l h p MeV/ch   TDC#   low/high off  ns/ch   r,  z, phi
Element: 0    0 0 0 0.000    4336   0   500 -4000 0.117   9.6 0.0 0.0
Element: 0    0 0 0 0.000    4337   0   500 -4000 0.117   9.6 0.0 0.0
Element: 0    0 0 0 0.000    4338   0   500 -4000 0.117   9.6 0.0 0.0
Element: 0    0 0 0 0.000    4339   0   500 -4000 0.117   9.6 0.0 0.0
Element: 0    0 0 0 0.000    4340   0   500 -4000 0.117   9.6 0.0 0.0
Element: 0    0 0 0 0.000    4341   0   500 -4000 0.117   9.6 0.0 0.0
Element: 0    0 0 0 0.000    4342   0   500 -4000 0.117   9.6 0.0 0.0
Element: 0    0 0 0 0.000    4343   0   500 -4000 0.117   9.6 0.0 0.0
Element: 0    0 0 0 0.000    4344   0   500 -4000 0.117   9.6 0.0 0.0
Element: 0    0 0 0 0.000    4345   0   500 -4000 0.117   9.6 0.0 0.0
Element: 0    0 0 0 0.000    4346   0   500 -4000 0.117   9.6 0.0 0.0
Element: 0    0 0 0 0.000    4347   0   500 -4000 0.117   9.6 0.0 0.0
Element: 0    0 0 0 0.000    4348   0   500 -4000 0.117   9.6 0.0 0.0
Element: 0    0 0 0 0.000    4349   0   500 -4000 0.117   9.6 0.0 0.0
Element: 0    0 0 0 0.000    4350   0   500 -4000 0.117   9.6 0.0 0.0
Element: 0    0 0 0 0.000    4351   0   500 -4000 0.117   9.6 0.0 0.0
Element: 0    0 0 0 0.000    4352   0   500 -4000 0.117   9.6 0.0 0.0
Element: 0    0 0 0 0.000    4353   0   500 -4000 0.117   9.6 0.0 0.0
Element: 0    0 0 0 0.000    4354   0   500 -4000 0.117   9.6 0.0 0.0
Element: 0    0 0 0 0.000    4355   0   500 -4000 0.117   9.6 0.0 0.0
Element: 0    0 0 0 0.000    4356   0   500 -4000 0.117   9.6 0.0 0.0
Element: 0    0 0 0 0.000    4357   0   500 -4000 0.117   9.6 0.0 0.0
Element: 0    0 0 0 0.000    4358   0   500 -4000 0.117   9.6 0.0 0.0
Element: 0    0 0 0 0.000    4359   0   500 -4000 0.117   9.6 0.0 0.0
Element: 0    0 0 0 0.000    4360   0   500 -4000 0.117   9.6 0.0 0.0
Element: 0    0 0 0 0.000    4361   0   500 -4000 0.117   9.6 0.0 0.0
Element: 0    0 0 0 0.000    4362   0   500 -4000 0.117   9.6 0.0 0.0
Element: 0    0 0 0 0.000    4363   0   500 -4000 0.117   9.6 0.0 0.0
Element: 0    0 0 0 0.000    4364   0   500 -4000 0.117   9.6 0.0 0.0
Element: 0    0 0 0 0.000    4365   0   500 -4000 0.117   9.6 0.0 0.0
Element: 0    0 0 0 0.000    4366   0   500 -4000 0.117   9.6 0.0 0.0
Element: 0    0 0 0 0.000    4367   0   500 -4000 0.117   9.6 0.0 0.0
Element: 0    0 0 0 0.000    4368   0   500 -4000 0.117   9.6 0.0 0.0
Element: 0    0 0 0 0.000    4369   0   500 -4000 0.117   9.6 0.0 0.0
Element: 0    0 0 0 0.000    4370   0   500 -4000 0.117   9.6 0.0 0.0
Element: 0    0 0 0 0.000    4371   0   500 -4000 0.117   9.6 0.0 0.0
Element: 0    0 0 0 0.000    4372   0   500 -4000 0.117   9.6 0.0 0.0
Element: 0    0 0 0 0.000    4373   0   500 -4000 0.117   9.6 0.0 0.0
Element: 0    0 0 0 0.000    4374   0   500 -4000 0.117   9.6 0.0 0.0
Element: 0    0 0 0 0.000    4375   0   500 -4000 0.117   9.6 0.0 0.0
Element: 0    0 0 0 0.000    4376   0   500 -4000 0.117   9.6 0.0 0.0
Element: 0    0 0 0 0.000    4377   0   500 -4000 0.117   9.6 0.0 0.0
Element: 0    0 0 0 0.000    4378   0   500 -4000 0.117   9.6 0.0 0.0
Element: 0    0 0 0 0.000    4379   0   500 -4000 0.117   9.6 0.0 0.0
Element: 0    0 0 0 0.000    4380   0   500 -4000 0.117   9.6 0.0 0.0
Element: 0    0 0 0 0.000    4381   0   500 -4000 0.117   9.6 0.0 0.0
Element: 0    0 0 0 0.000    4382   0   500 -4000 0.117   9.6 0.0 0.0
Element: 0    0 0 0 0.000    4383   0   500 -4000 0.117   9.6 0.0 0.0
Element: 0    0 0 0 0.000    4384   0   500 -4000 0.117   9.6 0.0 0.0
Element: 0    0 0 0 0.000    4385   0   500 -4000 0.117   9.6 0.0 0.0
Element: 0    0 0 0 0.000    4386   0   500 -4000 0.117   9.6 0.0 0.0
Element: 0    0 0 0 0.000    4387   0   500 -4000 0.117   9.6 0.0 0.0
Element: 0    0 0 0 0.000    4388   0   500 -4000 0.117   9.6 0.0 0.0
Element: 0    0 0 0 0.000    4389   0   500 -4000 0.117   9.6 0.0 0.0
Element: 0    0 0 0 0.000    4390   0   500 -4000 0.117   9.6 0.0 0.0
Element: 0    0 0 0 0.000    4391   0   500 -4000 0.117   9.6 0.0 0.0
Element: 0    0 0 0 0.000    4392   0   500 -4000 0.117   9.6 0.0 0.0
Element: 0    0 0 0 0.000    4393   0   500 -4000 0.117   9.6 0.0 0.0
Element: 0    0 0 0 0.000    4394   0   500 -4000 0.117   9.6 0.0 0.0
Element: 0    0 0 0 0.000    4395   0   500 -4000 0.117   9.6 0.0 0.0
Element: 0    0 0 0 0.000    4396   0   500 -4000 0.117   9.6 0.0 0.0
Element: 0    0 0 0 0.000    4397   0   500 -4000 0.117   9.6 0.0 0.0
Element: 0    0 0 0 0.000    4398   0   500 -4000 0.117   9.6 0.0 0.0
Element: 0    0 0 0 0.000    4399   0   500 -4000 0.117   9.6 0.0 0.0
Element: 0    0 0 0 0.000    4400   0   500 -4000 0.117   9.6 0.0 0.0
Element: 0    0 0 0 0.000    4401   0   500 -4000 0.117   9.6 0.0 0.0
Element: 0    0 0 0 0.000    4402   0   500 -4000 0.117   9.6 0.0 0.0
Element: 0    0 0 0 0.000    4403   0   500 -4000 0.117   9.6 0.0 0.0
Element: 0    0 0 0 0.000    4404   0   500 -4000 0.117   9.6 0.0 0.0
Element: 0    0 0 0 0.000    4405   0   500 -4000 0.117   9.6 0.0 0.0
Element: 0    0 0 0 0.000    4406   0   500 -4000 0.117   9.6 0.0 0.0
Element: 0    0 0 0 0.000    4407   0   500 -4000 0.117   9.6 0.0 0.0
Element: 0    0 0 0 0.000    4408   0   500 -4000 0.117   9.6 0.0 0.0
Element: 0    0 0 0 0.000    4409   0   500 -4000 0.117   9.6 0.0 0.0
Element: 0    0 0 0 0.000    4410   0   500 -4000 0.117   9.6 0.0 0.0
Element: 0    0 0 0 0.000    4411   0   500 -4000 0.117   9.6 0.0 0.0
Element: 0    0 0 0 0.000    4412   0   500 -4000 0.117   9.6 0.0 0.0
Element: 0    0 0 0 0.000    4413   0   500 -4000 0.117   9.6 0.0 0.0
Element: 0    0 0 0 0.000    4414   0   500 -4000 0.117   9.6 0.0 0.0
Element: 0    0 0 0 0.000    4415   0   500 -4000 0.117   9.6 0.0 0.0
Element: 0    0 0 0 0.000    4416   0   500 -4000 0.117   9.6 0.0 0.0
Element: 0    0 0 0 0.000    4417   0   500 -4000 0.117   9.6 0.0 0.0
Element: 0    0 0 0 0.000    4418   0   500 -4000 0.117   9.6 0.0 0.0
Element: 0    0 0 0 0.000    4419   0   500 -4000 0.117   9.6 0.0 0.0
Element: 0    0 0 0 0.000    4420   0   500 -4000 0.117   9.6 0.0 0.0
Element: 0    0 0 0 0.000    4421   0   500 -4000 0.117   9.6 0.0 0.0
Element: 0    0 0 0 0.000    4422   0   500 -4000 0.117   9.6 0.0 0.0
Element: 0    0 0 0 0.000    4423   0   500 -4000 0.117   9.6 0.0 0.0
Element: 0    0 0 0 0.000    4424   0   500 -4000 0.117   9.6 0.0 0.0
Element: 0    0 0 0 0.000    4425   0   500 -4000 0.117   9.6 0.0 0.0
Element: 0    0 0 0 0.000    4426   0   500 -4000 0.117   9.6 0.0 0.0
Element: 0    0 0 0 0.000    4427   0   500 -4000 0.117   9.6 0.0 0.0
Element: 0    0 0 0 0.000    4428   0   500 -4000 0.117   9.6 0.0 0.0
Element: 0    0 0 0 0.000    4429   0   500 -4000 0.117   9.6 0.0 0.0
Element: 0    0 0 0 0.000    4430   0   500 -4000 0.117   9.6 0.0 0.0
Element: 0    0 0 0 0.000    4431   0   500 -4000 0.117   9.6 0.0 0.0
Element: 0    0 0 0 0.000    4432   0   500 -4000 0.117   9.6 0.0 0.0
Element: 0    0 0 0 0.000    4433   0   500 -4000 0.117   9.6 0.0 0.0
Element: 0    0 0 0 0.000    4434   0   500 -4000 0.117   9.6 0.0 0.0
Element: 0    0 0 0 0.000    4435   0   500 -4000 0.117   9.6 0.0 0.0
Element: 0    0 0 0 0.000    4436   0   500 -4000 0.117   9.6 0.0 0.0
Element: 0    0 0 0 0.000    4437   0   500 -4000 0.117   9.6 0.0 0.0
Element: 0    0 0 0 0.000    4438   0   500 -4000 0.117   9.6 0.0 0.0
Element: 0    0 0 0 0.000    4439   0   500 -4000 0.117   9.6 0.0 0.0
Element: 0    0 0 0 0.000    4440   0   500 -4000 0.117   9.6 0.0 0.0
Element: 0    0 0 0 0.000    4441   0   500 -4000 0.117   9.6 0.0 0.0
Element: 0    0 0 0 0.000    4442   0   500 -4000 0.117   9.6 0.0 0.0
Element: 0    0 0 0 0.000    4443   0   500 -4000 0.117   9.6 0.0 0.0
Element: 0    0 0 0 0.000    4444   0   500 -4000 0.117   9.6 0.0 0.0
Element: 0    0 0 0 0.000    4445   0   500 -4000 0.117   9.6 0.0 0.0
Element: 0    0 0 0 0.000    4446   0   500 -4000 0.117   9.6 0.0 0.0
Element: 0    0 0 0 0.000    4447   0   500 -4000 0.117   9.6 0.0 0.0
Element: 0    0 0 0 0.000    4448   0   500 -4000 0.117   9.6 0.0 0.0
Element: 0    0 0 0 0.000    4449   0   500 -4000 0.117   9.6 0.0 0.0
Element: 0    0 0 0 0.000    4450   0   500 -4000 0.117   9.6 0.0 0.0
Element: 0    0 0 0 0.000    4451   0   500 -4000 0.117   9.6 0.0 0.0
Element: 0    0 0 0 0.000    4452   0   500 -4000 0.117   9.6 0.0 0.0
Element: 0    0 0 0 0.000    4453   0   500 -4000 0.117   9.6 0.0 0.0
Element: 0    0 0 0 0.000    4454   0   500 -4000 0.117   9.6 0.0 0.0
Element: 0    0 0 0 0.000    4455   0   500 -4000 0.117   9.6 0.0 0.0
Element: 0    0 0 0 0.000    4456   0   500 -4000 0.117   9.6 0.0 0.0
Element: 0    0 0 0 0.000    4457   0   500 -4000 0.117   9.6 0.0 0.0
Element: 0    0 0 0 0.000    4458   0   500 -4000 0.117   9.6 0.0 0.0
Element: 0    0 0 0 0.000    4459   0   500 -4000 0.117   9.6 0.0 0.0
Element: 0    0 0 0 0.000    4460   0   500 -4000 0.117   9.6 0.0 0.0
Element: 0    0 0 0 0.000    4461   0   500 -4000 0.117   9.6 0.0 0.0
Element: 0    0 0 0 0.000    4462   0   500 -4000 0.117   9.6 0.0 0.0
Element: 0    0 0 0 0.000    4463   0   500 -4000 0.117   9.6 0.0 0.0
Element: 0    0 0 0 0.000    4464   0   500 -4000 0.117   9.6 0.0 0.0
Element: 0    0 0 0 0.000    4465   0   500 -4000 0.117   9.6 0.0 0.0
Element: 0    0 0 0 0.000    4466   0   500 -4000 0.117   9.6 0.0 0.0
Element: 0    0 0 0 0.000    4467   0   500 -4000 0.117   9.6 0.0 0.0
Element: 0    0 0 0 0.000    4468   0   500 -4000 0.117   9.6 0.0 0.0
Element: 0    0 0 0 0.000    4469   0   500 -4000 0.117   9.6 0.0 0.0
Element: 0    0 0 0 0.000    4470   0   500 -4000 0.117   9.6 0.0 0.0
Element: 0    0 0 0 0.000    4471   0   500 -4000 0.117   9.6 0.0 0.0
Element: 0    0 0 0 0.000    4472   0   500 -4000 0.117   9.6 0.0 0.0
Element: 0    0 0 0 0.000    4473   0   500 -4000 0.117   9.6 0.0 0.0
Element: 0    0 0 0 0.000    4474   0   500 -4000 0.117   9.6 0.0 0.0
Element: 0    0 0 0 0.000    4475   0   500 -4000 0.117   9.6 0.0 0.0
Element: 0    0 0 0 0.000    4476   0   500 -4000 0.117   9.6 0.0 0.0
Element: 0    0 0 0 0.000    4477   0   500 -4000 0.117   9.6 0.0 0.0
Element: 0    0 0 0 0.000    4478   0   500 -4000 0.117   9.6 0.0 0.0
Element: 0    0 0 0 0.000    4479   0   500 -4000 0.117   9.6 0.0 0.0
Element: 0    0 0 0 0.000    4192   0   500 -4000 0.117   9.6 0.0 0.0
Element: 0    0 0 0 0.000    4193   0   500 -4000 0.117   9.6 0.0 0.0
Element: 0    0 0 0 0.000    4194   0   500 -4000 0.117   9.6 0.0 0.0
Element: 0    0 0 0 0.000    4195   0   500 -4000 0.117   9.6 0.0 0.0
Element: 0    0 0 0 0.000    4196   0   500 -4000 0.117   9.6 0.0 0.0
Element: 0    0 0 0 0.000    4197   0   500 -4000 0.117   9.6 0.0 0.0
Element: 0    0 0 0 0.000    4198   0   500 -4000 0.117   9.6 0.0 0.0
Element: 0    0 0 0 0.000    4199   0   500 -4000 0.117   9.6 0.0 0.0
Element: 0    0 0 0 0.000    4200   0   500 -4000 0.117   9.6 0.0 0.0
Element: 0    0 0 0 0.000    4201   0   500 -4000 0.117   9.6 0.0 0.0
Element: 0    0 0 0 0.000    4202   0   500 -4000 0.117   9.6 0.0 0.0
Element: 0    0 0 0 0.000    4203   0   500 -4000 0.117   9.6 0.0 0.0
Element: 0    0 0 0 0.000    4204   0   500 -4000 0.117   9.6 0.0 0.0
Element: 0    0 0 0 0.000    4205   0   500 -4000 0.117   9.6 0.0 0.0
Element: 0    0 0 0 0.000    4206   0   500 -4000 0.117   9.6 0.0 0.0
Element: 0    0 0 0 0.000    4207   0   500 -4000 0.117   9.6 0.0 0.0
Element: 0    0 0 0 0.000    4208   0   500 -4000 0.117   9.6 0.0 0.0
Element: 0    0 0 0 0.000    4209   0   500 -4000 0.117   9.6 0.0 0.0
Element: 0    0 0 0 0.000    4210   0   500 -4000 0.117   9.6 0.0 0.0
Element: 0    0 0 0 0.000    4211   0   500 -4000 0.117   9.6 0.0 0.0
Element: 0    0 0 0 0.000    4212   0   500 -4000 0.117   9.6 0.0 0.0
Element: 0    0 0 0 0.000    4213   0   500 -4000 0.117   9.6 0.0 0.0
Element: 0    0 0 0 0.000    4214   0   500 -4000 0.117   9.6 0.0 0.0
Element: 0    0 0 0 0.000    4215   0   500 -4000 0.117   9.6 0.0 0.0
Element: 0    0 0 0 0.000    4216   0   500 -4000 0.117   9.6 0.0 0.0
Element: 0    0 0 0 0.000    4217   0   500 -4000 0.117   9.6 0.0 0.0
Element: 0    0 0 0 0.000    4218   0   500 -4000 0.117   9.6 0.0 0.0
Element: 0    0 0 0 0.000    4219   0   500 -4000 0.117   9.6 0.0 0.0
Element: 0    0 0 0 0.000    4220   0   500 -4000 0.117   9.6 0.0 0.0
Element: 0    0 0 0 0.000    4221   0   500 -4000 0.117   9.6 0.0 0.0
Element: 0    0 0 0 0.000    4222   0   500 -4000 0.117   9.6 0.0 0.0
Element: 0    0 0 0 0.000    4223   0   500 -4000 0.117   9.6 0.0 0.0
Element: 0    0 0 0 0.000    4224   0   500 -4000 0.117   9.6 0.0 0.0
Element: 0    0 0 0 0.000    4225   0   500 -4000 0.117   9.6 0.0 0.0
Element: 0    0 0 0 0.000    4226   0   500 -4000 0.117   9.6 0.0 0.0
Element: 0    0 0 0 0.000    4227   0   500 -4000 0.117   9.6 0.0 0.0
Element: 0    0 0 0 0.000    4228   0   500 -4000 0.117   9.6 0.0 0.0
Element: 0    0 0 0 0.000    4229   0   500 -4000 0.117   9.6 0.0 0.0
Element: 0    0 0 0 0.000    4230   0   500 -4000 0.117   9.6 0.0 0.0
Element: 0    0 0 0 0.000    4231   0   500 -4000 0.117   9.6 0.0 0.0
Element: 0    0 0 0 0.000    4232   0   500 -4000 0.117   9.6 0.0 0.0
Element: 0    0 0 0 0.000    4233   0   500 -4000 0.117   9.6 0.0 0.0
Element: 0    0 0 0 0.000    4234   0   500 -4000 0.117   9.6 0.0 0.0
Element: 0    0 0 0 0.000    4235   0   500 -4000 0.117   9.6 0.0 0.0
Element: 0    0 0 0 0.000    4236   0   500 -4000 0.117   9.6 0.0 0.0
Element: 0    0 0 0 0.000    4237   0   500 -4000 0.117   9.6 0.0 0.0
Element: 0    0 0 0 0.000    4238   0   500 -4000 0.117   9.6 0.0 0.0
Element: 0    0 0 0 0.000    4239   0   500 -4000 0.117   9.6 0.0 0.0
Element: 0    0 0 0 0.000    4240   0   500 -4000 0.117   9.6 0.0 0.0
Element: 0    0 0 0 0.000    4241   0   500 -4000 0.117   9.6 0.0 0.0
Element: 0    0 0 0 0.000    4242   0   500 -4000 0.117   9.6 0.0 0.0
Element: 0    0 0 0 0.000    4243   0   500 -4000 0.117   9.6 0.0 0.0
Element: 0    0 0 0 0.000    4244   0   500 -4000 0.117   9.6 0.0 0.0
Element: 0    0 0 0 0.000    4245   0   500 -4000 0.117   9.6 0.0 0.0
Element: 0    0 0 0 0.000    4246   0   500 -4000 0.117   9.6 0.0 0.0
Element: 0    0 0 0 0.000    4247   0   500 -4000 0.117   9.6 0.0 0.0
Element: 0    0 0 0 0.000    4248   0   500 -4000 0.117   9.6 0.0 0.0
Element: 0    0 0 0 0.000    4249   0   500 -4000 0.117   9.6 0.0 0.0
Element: 0    0 0 0 0.000    4250   0   500 -4000 0.117   9.6 0.0 0.0
Element: 0    0 0 0 0.000    4251   0   500 -4000 0.117   9.6 0.0 0.0
Element: 0    0 0 0 0.000    4252   0   500 -4000 0.117   9.6 0.0 0.0
Element: 0    0 0 0 0.000    4253   0   500 -4000 0.117   9.6 0.0 0.0
Element: 0    0 0 0 0.000    4254   0   500 -4000 0.117   9.6 0.0 0.0
Element: 0    0 0 0 0.000    4255   0   500 -4000 0.117   9.6 0.0 0.0
Element: 0    0 0 0 0.000    4256   0   500 -4000 0.117   9.6 0.0 0.0
Element: 0    0 0 0 0.000    4257   0   500 -4000 0.117   9.6 0.0 0.0
Element: 0    0 0 0 0.000    4258   0   500 -4000 0.117   9.6 0.0 0.0
Element: 0    0 0 0 0.000    4259   0   500 -4000 0.117   9.6 0.0 0.0
Element: 0    0 0 0 0.000    4260   0   500 -4000 0.117   9.6 0.0 0.0
Element: 0    0 0 0 0.000    4261   0   500 -4000 0.117   9.6 0.0 0.0
Element: 0    0 0 0 0.000    4262   0   500 -4000 0.117   9.6 0.0 0.0
Element: 0    0 0 0 0.000    4263   0   500 -4000 0.117   9.6 0.0 0.0
Element: 0    0 0 0 0.000    4264   0   500 -4000 0.117   9.6 0.0 0.0
Element: 0    0 0 0 0.000    4265   0   500 -4000 0.117   9.6 0.0 0.0
Element: 0    0 0 0 0.000    4266   0   500 -4000 0.117   9.6 0.0 0.0
Element: 0    0 0 0 0.000    4267   0   500 -4000 0.117   9.6 0.0 0.0
Element: 0    0 0 0 0.000    4268   0   500 -4000 0.117   9.6 0.0 0.0
Element: 0    0 0 0 0.000    4269   0   500 -4000 0.117   9.6 0.0 0.0
Element: 0    0 0 0 0.000    4270   0   500 -4000 0.117   9.6 0.0 0.0
Element: 0    0 0 0 0.000    4271   0   500 -4000 0.117   9.6 0.0 0.0
Element: 0    0 0 0 0.000    4272   0   500 -4000 0.117   9.6 0.0 0.0
Element: 0    0 0 0 0.000    4273   0   500 -4000 0.117   9.6 0.0 0.0
Element: 0    0 0 0 0.000    4274   0   500 -4000 0.117   9.6 0.0 0.0
Element: 0    0 0 0 0.000    4275   0   500 -4000 0.117   9.6 0.0 0.0
Element: 0    0 0 0 0.000    4276   0   500 -4000 0.117   9.6 0.0 0.0
Element: 0    0 0 0 0.000    4277   0   500 -4000 0.117   9.6 0.0 0.0
Element: 0    0 0 0 0.000    4278   0   500 -4000 0.117   9.6 0.0 0.0
Element: 0    0 0 0 0.000    4279   0   500 -4000 0.117   9.6 0.0 0.0
Element: 0    0 0 0 0.000    4280   0   500 -4000 0.117   9.6 0.0 0.0
Element: 0    0 0 0 0.000    4281   0   500 -4000 0.117   9.6 0.0 0.0
Element: 0    0 0 0 0.000    4282   0   500 -4000 0.117   9.6 0.0 0.0
Element: 0    0 0 0 0.000    4283   0   500 -4000 0.117   9.6 0.0 0.0
Element: 0    0 0 0 0.000    4284   0   500 -4000 0.117   9.6 0.0 0.0
Element: 0    0 0 0 0.000    4285   0   500 -4000 0.117   9.6 0.0 0.0
Element: 0    0 0 0 0.000    4286   0   500 -4000 0.117   9.6 0.0 0.0
Element: 0    0 0 0 0.000    4287   0   500 -4000 0.117   9.6 0.0 0.0
Element: 0    0 0 0 0.000    4288   0   500 -4000 0.117   9.6 0.0 0.0
Element: 0    0 0 0 0.000    4289   0   500 -4000 0.117   9.6 0.0 0.0
Element: 0    0 0 0 0.000    4290   0   500 -4000 0.117   9.6 0.0 0.0
Element: 0    0 0 0 0.000    4291   0   500 -4000 0.117   9.6 0.0 0.0
Element: 0    0 0 0 0.000    4292   0   500 -4000 0.117   9.6 0.0 0.0
Element: 0    0 0 0 0.000    4293   0   500 -4000 0.117   9.6 0.0 0.0
Element: 0    0 0 0 0.000    4294   0   500 -4000 0.117   9.6 0.0 0.0
Element: 0    0 0 0 0.000    4295   0   500 -4000 0.117   9.6 0.0 0.0
Element: 0    0 0 0 0.000    4296   0   500 -4000 0.117   9.6 0.0 0.0
Element: 0    0 0 0 0.000    4297   0   500 -4000 0.117   9.6 0.0 0.0
Element: 0    0 0 0 0.000    4298   0   500 -4000 0.117   9.6 0.0 0.0
Element: 0    0 0 0 0.000    4299   0   500 -4000 0.117   9.6 0.0 0.0
Element: 0    0 0 0 0.000    4300   0   500 -4000 0.117   9.6 0.0 0.0
Element: 0    0 0 0 0.000    4301   0   500 -4000 0.117   9.6 0.0 0.0
Element: 0    0 0 0 0.000    4302   0   500 -4000 0.117   9.6 0.0 0.0
Element: 0    0 0 0 0.000    4303   0   500 -4000 0.117   9.6 0.0 0.0
Element: 0    0 0 0 0.000    4304   0   500 -4000 0.117   9.6 0.0 0.0
Element: 0    0 0 0 0.000    4305   0   500 -4000 0.117   9.6 0.0 0.0
Element: 0    0 0 0 0.000    4306   0   500 -4000 0.117   9.6 0.0 0.0
Element: 0    0 0 0 0.000    4307   0   500 -4000 0.117   9.6 0.0 0.0
Element: 0    0 0 0 0.000    4308   0   500 -4000 0.117   9.6 0.0 0.0
Element: 0    0 0 0 0.000    4309   0   500 -4000 0.117   9.6 0.0 0.0
Element: 0    0 0 0 0.000    4310   0   500 -4000 0.117   9.6 0.0 0.0
Element: 0    0 0 0 0.000    4311   0   500 -4000 0.117   9.6 0.0 0.0
Element: 0    0 0 0 0.000    4312   0   500 -4000 0.117   9.6 0.0 0.0
Element: 0    0 0 0 0.000    4313   0   500 -4000 0.117   9.6 0.0 0.0
Element: 0    0 0 0 0.000    4314   0   500 -4000 0.117   9.6 0.0 0.0
Element: 0    0 0 0 0.000    4315   0   500 -4000 0.117   9.6 0.0 0.0
Element: 0    0 0 0 0.000    4316   0   500 -4000 0.117   9.6 0.0 0.0
Element: 0    0 0 0 0.000    4317   0   500 -4000 0.117   9.6 0.0 0.0
Element: 0    0 0 0 0.000    4318   0   500 -4000 0.117   9.6 0.0 0.0
Element: 0    0 0 0 0.000    4319   0   500 -4000 0.117   9.6 0.0 0.0
Element: 0    0 0 0 0.000    4320   0   500 -4000 0.117   9.6 0.0 0.0
Element: 0    0 0 0 0.000    4321   0   500 -4000 0.117   9.6 0.0 0.0
Element: 0    0 0 0 0.000    4322   0   500 -4000 0.117   9.6 0.0 0.0
Element: 0    0 0 0 0.000    4323   0   500 -4000 0.117   9.6 0.0 0.0
Element: 0    0 0 0 0.000    4324   0   500 -4000 0.117   9.6 0.0 0.0
Element: 0    0 0 0 0.000    4325   0   500 -4000 0.117   9.6 0.0 0.0
Element: 0    0 0 0 0.000    4326   0   500 -4000 0.117   9.6 0.0 0.0
Element: 0    0 0 0 0.000    4327   0   500 -4000 0.117   9.6 0.0 0.0
Element: 0    0 0 0 0.000    4328   0   500 -4000 0.117   9.6 0.0 0.0
Element: 0    0 0 0 0.000    4329   0   500 -4000 0.117   9.6 0.0 0.0
Element: 0    0 0 0 0.000    4330   0   500 -4000 0.117   9.6 0.0 0.0
Element: 0    0 0 0 0.000    4331   0   500 -4000 0.117   9.6 0.0 0.0
Element: 0    0 0 0 0.000    4332   0   500 -4000 0.117   9.6 0.0 0.0
Element: 0    0 0 0 0.000    4333   0   500 -4000 0.117   9.6 0.0 0.0
Element: 0    0 0 0 0.000    4334   0   500 -4000 0.117   9.6 0.0 0.0
Element: 0    0 0 0 0.000    4335   0   500 -4000 0.117   9.6 0.0 0.0
##
## 3rd Layer: Chamber 1 inner strips
## #st:number of strips; mcl:max number clusters; cls:max cluster size;
## rad: radius (mm); tgwc: tan helix angle?; Z0: zero point in z;
## ZA0-2: quadratic z correction coeffs; 
## PhA0-2: qadratic phi correction coefficients
##	   name	      #st mcl cls rad len tgwc   Z0 pit ZA0 ZA1 ZA2 PhA0 PhA1 PhA2
##Cyl-Strip: InnerStrip1 60 4   4	  60. 360 0.97445 0 4.5 0.0 0.0 0.0 0.00 0.00 0.00
##	   name	       #st mcl cls rad len tgwc   Z0 pit ZA0   ZA1 ZA2 PhA0 PhA1 PhA2
Cyl-Strip: InnerStrip1  60   4   4  60 360 0.97445 0 4.5 18.34 0.0 0.0 0.0  0.00 0.00
##
## Specify each wire  belonging to inner wire plane...one line for each
##	 ADC#   l  h   p MeV/ch TDC# l/h off  ns/ch     r,  z, phi
Element: 5302   0 1000 0 1.000 	0 0 0 0 0   		6.4 0.0 0.0
Element: 5303   0 1000 0 1.000 	0 0 0 0 0   		6.4 0.0 0.0
Element: 5080   0 1000 0 1.000 	0 0 0 0 0   		6.4 0.0 0.0
Element: 5081   0 1000 0 1.000 	0 0 0 0 0   		6.4 0.0 0.0
Element: 5082   0 1000 0 1.000 	0 0 0 0 0   		6.4 0.0 0.0
Element: 5083   0 1000 0 1.000 	0 0 0 0 0   		6.4 0.0 0.0
Element: 5084   0 1000 0 1.000 	0 0 0 0 0   		6.4 0.0 0.0
Element: 5085   0 1000 0 1.000 	0 0 0 0 0   		6.4 0.0 0.0
Element: 5086   0 1000 0 1.000 	0 0 0 0 0   		6.4 0.0 0.0
Element: 5087   0 1000 0 1.000 	0 0 0 0 0   		6.4 0.0 0.0
Element: 5088   0 1000 0 1.000 	0 0 0 0 0   		6.4 0.0 0.0
Element: 5089   0 1000 0 1.000 	0 0 0 0 0   		6.4 0.0 0.0
Element: 5090   0 1000 0 1.000 	0 0 0 0 0   		6.4 0.0 0.0
Element: 5091   0 1000 0 1.000 	0 0 0 0 0   		6.4 0.0 0.0
Element: 5092   0 1000 0 1.000 	0 0 0 0 0   		6.4 0.0 0.0
Element: 5093   0 1000 0 1.000 	0 0 0 0 0   		6.4 0.0 0.0
Element: 5094   0 1000 0 1.000 	0 0 0 0 0   		6.4 0.0 0.0
Element: 5095   0 1000 0 1.000 	0 0 0 0 0   		6.4 0.0 0.0
Element: 5016   0 1000 0 1.000 	0 0 0 0 0   		6.4 0.0 0.0
Element: 5017   0 1000 0 1.000 	0 0 0 0 0   		6.4 0.0 0.0
Element: 5018   0 1000 0 1.000 	0 0 0 0 0   		6.4 0.0 0.0
Element: 5019   0 1000 0 1.000 	0 0 0 0 0   		6.4 0.0 0.0
Element: 5020   0 1000 0 1.000 	0 0 0 0 0   		6.4 0.0 0.0
Element: 5021   0 1000 0 1.000 	0 0 0 0 0   		6.4 0.0 0.0
Element: 5022   0 1000 0 1.000 	0 0 0 0 0   		6.4 0.0 0.0
Element: 5023   0 1000 0 1.000 	0 0 0 0 0   		6.4 0.0 0.0
Element: 5024   0 1000 0 1.000 	0 0 0 0 0   		6.4 0.0 0.0
Element: 5025   0 1000 0 1.000 	0 0 0 0 0   		6.4 0.0 0.0
Element: 5026   0 1000 0 1.000 	0 0 0 0 0   		6.4 0.0 0.0
Element: 5027   0 1000 0 1.000 	0 0 0 0 0   		6.4 0.0 0.0
Element: 5032   0 1000 0 1.000 	0 0 0 0 0   		6.4 0.0 0.0
Element: 5033   0 1000 0 1.000 	0 0 0 0 0   		6.4 0.0 0.0
Element: 5034   0 1000 0 1.000 	0 0 0 0 0   		6.4 0.0 0.0
Element: 5035   0 1000 0 1.000 	0 0 0 0 0   		6.4 0.0 0.0
Element: 5036   0 1000 0 1.000 	0 0 0 0 0   		6.4 0.0 0.0
Element: 5037   0 1000 0 1.000 	0 0 0 0 0   		6.4 0.0 0.0
Element: 5038   0 1000 0 1.000 	0 0 0 0 0   		6.4 0.0 0.0
Element: 5039   0 1000 0 1.000 	0 0 0 0 0   		6.4 0.0 0.0
Element: 5040   0 1000 0 1.000 	0 0 0 0 0   		6.4 0.0 0.0
Element: 5041   0 1000 0 1.000 	0 0 0 0 0   		6.4 0.0 0.0
Element: 5042   0 1000 0 1.000 	0 0 0 0 0   		6.4 0.0 0.0
Element: 5043   0 1000 0 1.000 	0 0 0 0 0   		6.4 0.0 0.0
Element: 5044   0 1000 0 1.000 	0 0 0 0 0   		6.4 0.0 0.0
Element: 5045   0 1000 0 1.000 	0 0 0 0 0   		6.4 0.0 0.0
Element: 5046   0 1000 0 1.000 	0 0 0 0 0   		6.4 0.0 0.0
Element: 5047   0 1000 0 1.000 	0 0 0 0 0   		6.4 0.0 0.0
Element: 5288   0 1000 0 1.000 	0 0 0 0 0   		6.4 0.0 0.0
Element: 5289   0 1000 0 1.000 	0 0 0 0 0   		6.4 0.0 0.0
Element: 5290   0 1000 0 1.000 	0 0 0 0 0   		6.4 0.0 0.0
Element: 5291   0 1000 0 1.000 	0 0 0 0 0   		6.4 0.0 0.0
Element: 5292   0 1000 0 1.000 	0 0 0 0 0   		6.4 0.0 0.0
Element: 5293   0 1000 0 1.000 	0 0 0 0 0   		6.4 0.0 0.0
Element: 5294   0 1000 0 1.000 	0 0 0 0 0   		6.4 0.0 0.0
Element: 5295   0 1000 0 1.000 	0 0 0 0 0   		6.4 0.0 0.0
Element: 5296   0 1000 0 1.000 	0 0 0 0 0   		6.4 0.0 0.0
Element: 5297   0 1000 0 1.000 	0 0 0 0 0   		6.4 0.0 0.0
Element: 5298   0 1000 0 1.000 	0 0 0 0 0   		6.4 0.0 0.0
Element: 5299   0 1000 0 1.000 	0 0 0 0 0   		6.4 0.0 0.0
Element: 5300   0 1000 0 1.000 	0 0 0 0 0   		6.4 0.0 0.0
Element: 5301   0 1000 0 1.000 	0 0 0 0 0   		6.4 0.0 0.0
##
## 4th Layer: Chamber 1 outer strips. dist(mm), angles(deg), corr coefs
## #st:number of strips; mcl:max number clusters; cls:max cluster size;
## rad: radius (mm); tgwc: tan helix angle?; Z0: zero point in z;
## ZA0-2: quadratic z correction coeffs; 
## PhA0-2: qadratic phi correction coefficients (rad)
##	   name	      #st mcl cls rad len tgwc   Z0 pit ZA0 ZA1 ZA2 PhA0 PhA1 PhA2
##Cyl-Strip: OuterStrip1 68 4   4	  68. 360 0.97445 0 4.5 0.0 0.0 0.0 0.00 0.00 0.00
Cyl-Strip: OuterStrip1 68 4   4	  68. 360 0.97445 0 4.5 1.5 0.0 0.0 0.00 0.00 0.00
##
## Specify each wire  belonging to inner wire plane...one line for each
##	 ADC#   l  h   p MeV/ch TDC# l/h off  ns/ch     r,  z, phi
Element: 5258   0 1000 0 1.000 	0 0 0 0 0   		6.4 0.0 0.0
Element: 5259   0 1000 0 1.000 	0 0 0 0 0   		6.4 0.0 0.0
Element: 5260   0 1000 0 1.000 	0 0 0 0 0   		6.4 0.0 0.0
Element: 5261   0 1000 0 1.000 	0 0 0 0 0   		6.4 0.0 0.0
Element: 5262   0 1000 0 1.000 	0 0 0 0 0   		6.4 0.0 0.0
Element: 5263   0 1000 0 1.000 	0 0 0 0 0   		6.4 0.0 0.0
Element: 5264   0 1000 0 1.000 	0 0 0 0 0   		6.4 0.0 0.0
Element: 5265   0 1000 0 1.000 	0 0 0 0 0   		6.4 0.0 0.0
Element: 5266   0 1000 0 1.000 	0 0 0 0 0   		6.4 0.0 0.0
Element: 5267   0 1000 0 1.000 	0 0 0 0 0   		6.4 0.0 0.0
Element: 5268   0 1000 0 1.000 	0 0 0 0 0   		6.4 0.0 0.0
Element: 5269   0 1000 0 1.000 	0 0 0 0 0   		6.4 0.0 0.0
Element: 5270   0 1000 0 1.000 	0 0 0 0 0   		6.4 0.0 0.0
Element: 5271   0 1000 0 1.000 	0 0 0 0 0   		6.4 0.0 0.0
Element: 5048   0 1000 0 1.000 	0 0 0 0 0   		6.4 0.0 0.0
Element: 5049   0 1000 0 1.000 	0 0 0 0 0   		6.4 0.0 0.0
Element: 5050   0 1000 0 1.000 	0 0 0 0 0   		6.4 0.0 0.0
Element: 5051   0 1000 0 1.000 	0 0 0 0 0   		6.4 0.0 0.0
Element: 5052   0 1000 0 1.000 	0 0 0 0 0   		6.4 0.0 0.0
Element: 5053   0 1000 0 1.000 	0 0 0 0 0   		6.4 0.0 0.0
Element: 5054   0 1000 0 1.000 	0 0 0 0 0   		6.4 0.0 0.0
Element: 5055   0 1000 0 1.000 	0 0 0 0 0   		6.4 0.0 0.0
Element: 5056   0 1000 0 1.000 	0 0 0 0 0   		6.4 0.0 0.0
Element: 5057   0 1000 0 1.000 	0 0 0 0 0   		6.4 0.0 0.0
Element: 5058   0 1000 0 1.000 	0 0 0 0 0   		6.4 0.0 0.0
Element: 5059   0 1000 0 1.000 	0 0 0 0 0   		6.4 0.0 0.0
Element: 5060   0 1000 0 1.000 	0 0 0 0 0   		6.4 0.0 0.0
Element: 5061   0 1000 0 1.000 	0 0 0 0 0   		6.4 0.0 0.0
Element: 5062   0 1000 0 1.000 	0 0 0 0 0   		6.4 0.0 0.0
Element: 5063   0 1000 0 1.000 	0 0 0 0 0   		6.4 0.0 0.0
Element: 5028   0 1000 0 1.000 	0 0 0 0 0   		6.4 0.0 0.0
Element: 5029   0 1000 0 1.000 	0 0 0 0 0   		6.4 0.0 0.0
Element: 5030   0 1000 0 1.000 	0 0 0 0 0   		6.4 0.0 0.0
Element: 5031   0 1000 0 1.000 	0 0 0 0 0   		6.4 0.0 0.0
Element: 5000   0 1000 0 1.000 	0 0 0 0 0   		6.4 0.0 0.0
Element: 5001   0 1000 0 1.000 	0 0 0 0 0   		6.4 0.0 0.0
Element: 5002   0 1000 0 1.000 	0 0 0 0 0   		6.4 0.0 0.0
Element: 5003   0 1000 0 1.000 	0 0 0 0 0   		6.4 0.0 0.0
Element: 5004   0 1000 0 1.000 	0 0 0 0 0   		6.4 0.0 0.0
Element: 5005   0 1000 0 1.000 	0 0 0 0 0   		6.4 0.0 0.0
Element: 5006   0 1000 0 1.000 	0 0 0 0 0   		6.4 0.0 0.0
Element: 5007   0 1000 0 1.000 	0 0 0 0 0   		6.4 0.0 0.0
Element: 5008   0 1000 0 1.000 	0 0 0 0 0   		6.4 0.0 0.0
Element: 5009   0 1000 0 1.000 	0 0 0 0 0   		6.4 0.0 0.0
Element: 5010   0 1000 0 1.000 	0 0 0 0 0   		6.4 0.0 0.0
Element: 5011   0 1000 0 1.000 	0 0 0 0 0   		6.4 0.0 0.0
Element: 5012   0 1000 0 1.000 	0 0 0 0 0   		6.4 0.0 0.0
Element: 5013   0 1000 0 1.000 	0 0 0 0 0   		6.4 0.0 0.0
Element: 5014   0 1000 0 1.000 	0 0 0 0 0   		6.4 0.0 0.0
Element: 5015   0 1000 0 1.000 	0 0 0 0 0   		6.4 0.0 0.0
Element: 5112   0 1000 0 1.000 	0 0 0 0 0   		6.4 0.0 0.0
Element: 5113   0 1000 0 1.000 	0 0 0 0 0   		6.4 0.0 0.0
Element: 5114   0 1000 0 1.000 	0 0 0 0 0   		6.4 0.0 0.0
Element: 5115   0 1000 0 1.000 	0 0 0 0 0   		6.4 0.0 0.0
Element: 5116   0 1000 0 1.000 	0 0 0 0 0   		6.4 0.0 0.0
Element: 5117   0 1000 0 1.000 	0 0 0 0 0   		6.4 0.0 0.0
Element: 5118   0 1000 0 1.000 	0 0 0 0 0   		6.4 0.0 0.0
Element: 5119   0 1000 0 1.000 	0 0 0 0 0   		6.4 0.0 0.0
Element: 5120   0 1000 0 1.000 	0 0 0 0 0   		6.4 0.0 0.0
Element: 5121   0 1000 0 1.000 	0 0 0 0 0   		6.4 0.0 0.0
Element: 5122   0 1000 0 1.000 	0 0 0 0 0   		6.4 0.0 0.0
Element: 5123   0 1000 0 1.000 	0 0 0 0 0   		6.4 0.0 0.0
Element: 5124   0 1000 0 1.000 	0 0 0 0 0   		6.4 0.0 0.0
Element: 5125   0 1000 0 1.000 	0 0 0 0 0   		6.4 0.0 0.0
Element: 5126   0 1000 0 1.000 	0 0 0 0 0   		6.4 0.0 0.0
Element: 5127   0 1000 0 1.000 	0 0 0 0 0   		6.4 0.0 0.0
Element: 5256   0 1000 0 1.000 	0 0 0 0 0   		6.4 0.0 0.0
Element: 5257   0 1000 0 1.000 	0 0 0 0 0   		6.4 0.0 0.0
##
## 5th Layer: Chamber 2 inner strips. dist(mm), angles(deg), corr coefs
## #st:number of strips; mcl:max number clusters; cls:max cluster size;
## rad: radius (mm); tgwc: tan helix angle?; Z0: zero point in z;
## ZA0-2: quadratic z correction coeffs; 
## PhA0-2: qadratic phi correction coefficients
##	   name	      #st mcl cls rad len tgwc    Z0 pitZA0 ZA1 ZA2 PhA0 PhA1 PhA2
##Cyl-Strip: InnerStrip2 92 4   4	  92. 560 0.97445 0 4.5 0.0 0.0 0.0 -0.051 0.00 0.00
Cyl-Strip: InnerStrip2 92 4   4	  92. 560 0.97445 0 4.5 4.2 0.0 0.0 0.00 0.00 0.00
##
## Specify each wire  belonging to inner wire plane...one line for each
##	 ADC#   l  h   p MeV/ch TDC# l/h off  ns/ch     r,  z, phi
Element: 5254   0 1000 0 1.000 	0 0 0 0 0   		6.4 0.0 0.0
Element: 5255   0 1000 0 1.000 	0 0 0 0 0   		6.4 0.0 0.0
Element: 5224   0 1000 0 1.000 	0 0 0 0 0   		6.4 0.0 0.0
Element: 5225   0 1000 0 1.000 	0 0 0 0 0   		6.4 0.0 0.0
Element: 5226   0 1000 0 1.000 	0 0 0 0 0   		6.4 0.0 0.0
Element: 5227   0 1000 0 1.000 	0 0 0 0 0   		6.4 0.0 0.0
Element: 5228   0 1000 0 1.000 	0 0 0 0 0   		6.4 0.0 0.0
Element: 5229   0 1000 0 1.000 	0 0 0 0 0   		6.4 0.0 0.0
Element: 5230   0 1000 0 1.000 	0 0 0 0 0   		6.4 0.0 0.0
Element: 5231   0 1000 0 1.000 	0 0 0 0 0   		6.4 0.0 0.0
Element: 5232   0 1000 0 1.000 	0 0 0 0 0   		6.4 0.0 0.0
Element: 5233   0 1000 0 1.000 	0 0 0 0 0   		6.4 0.0 0.0
Element: 5234   0 1000 0 1.000 	0 0 0 0 0   		6.4 0.0 0.0
Element: 5235   0 1000 0 1.000 	0 0 0 0 0   		6.4 0.0 0.0
Element: 5236   0 1000 0 1.000 	0 0 0 0 0   		6.4 0.0 0.0
Element: 5237   0 1000 0 1.000 	0 0 0 0 0   		6.4 0.0 0.0
Element: 5238   0 1000 0 1.000 	0 0 0 0 0   		6.4 0.0 0.0
Element: 5239   0 1000 0 1.000 	0 0 0 0 0   		6.4 0.0 0.0
Element: 5096   0 1000 0 1.000 	0 0 0 0 0   		6.4 0.0 0.0
Element: 5097   0 1000 0 1.000 	0 0 0 0 0   		6.4 0.0 0.0
Element: 5098   0 1000 0 1.000 	0 0 0 0 0   		6.4 0.0 0.0
Element: 5099   0 1000 0 1.000 	0 0 0 0 0   		6.4 0.0 0.0
Element: 5100   0 1000 0 1.000 	0 0 0 0 0   		6.4 0.0 0.0
Element: 5101   0 1000 0 1.000 	0 0 0 0 0   		6.4 0.0 0.0
Element: 5102   0 1000 0 1.000 	0 0 0 0 0   		6.4 0.0 0.0
Element: 5103   0 1000 0 1.000 	0 0 0 0 0   		6.4 0.0 0.0
Element: 5104   0 1000 0 1.000 	0 0 0 0 0   		6.4 0.0 0.0
Element: 5105   0 1000 0 1.000 	0 0 0 0 0   		6.4 0.0 0.0
Element: 5106   0 1000 0 1.000 	0 0 0 0 0   		6.4 0.0 0.0
Element: 5107   0 1000 0 1.000 	0 0 0 0 0   		6.4 0.0 0.0
Element: 5108   0 1000 0 1.000 	0 0 0 0 0   		6.4 0.0 0.0
Element: 5109   0 1000 0 1.000 	0 0 0 0 0   		6.4 0.0 0.0
Element: 5110   0 1000 0 1.000 	0 0 0 0 0   		6.4 0.0 0.0
Element: 5111   0 1000 0 1.000 	0 0 0 0 0   		6.4 0.0 0.0
Element: 5208   0 1000 0 1.000 	0 0 0 0 0   		6.4 0.0 0.0
Element: 5209   0 1000 0 1.000 	0 0 0 0 0   		6.4 0.0 0.0
Element: 5210   0 1000 0 1.000 	0 0 0 0 0   		6.4 0.0 0.0
Element: 5211   0 1000 0 1.000 	0 0 0 0 0   		6.4 0.0 0.0
Element: 5212   0 1000 0 1.000 	0 0 0 0 0   		6.4 0.0 0.0
Element: 5213   0 1000 0 1.000 	0 0 0 0 0   		6.4 0.0 0.0
Element: 5214   0 1000 0 1.000 	0 0 0 0 0   		6.4 0.0 0.0
Element: 5215   0 1000 0 1.000 	0 0 0 0 0   		6.4 0.0 0.0
Element: 5216   0 1000 0 1.000 	0 0 0 0 0   		6.4 0.0 0.0
Element: 5217   0 1000 0 1.000 	0 0 0 0 0   		6.4 0.0 0.0
Element: 5218   0 1000 0 1.000 	0 0 0 0 0   		6.4 0.0 0.0
Element: 5219   0 1000 0 1.000 	0 0 0 0 0   		6.4 0.0 0.0
Element: 5144   0 1000 0 1.000 	0 0 0 0 0   		6.4 0.0 0.0
Element: 5145   0 1000 0 1.000 	0 0 0 0 0   		6.4 0.0 0.0
Element: 5146   0 1000 0 1.000 	0 0 0 0 0   		6.4 0.0 0.0
Element: 5147   0 1000 0 1.000 	0 0 0 0 0   		6.4 0.0 0.0
Element: 5148   0 1000 0 1.000 	0 0 0 0 0   		6.4 0.0 0.0
Element: 5149   0 1000 0 1.000 	0 0 0 0 0   		6.4 0.0 0.0
Element: 5150   0 1000 0 1.000 	0 0 0 0 0   		6.4 0.0 0.0
Element: 5151   0 1000 0 1.000 	0 0 0 0 0   		6.4 0.0 0.0
Element: 5152   0 1000 0 1.000 	0 0 0 0 0   		6.4 0.0 0.0
Element: 5153   0 1000 0 1.000 	0 0 0 0 0   		6.4 0.0 0.0
Element: 5154   0 1000 0 1.000 	0 0 0 0 0   		6.4 0.0 0.0
Element: 5155   0 1000 0 1.000 	0 0 0 0 0   		6.4 0.0 0.0
Element: 5156   0 1000 0 1.000 	0 0 0 0 0   		6.4 0.0 0.0
Element: 5157   0 1000 0 1.000 	0 0 0 0 0   		6.4 0.0 0.0
Element: 5158   0 1000 0 1.000 	0 0 0 0 0   		6.4 0.0 0.0
Element: 5159   0 1000 0 1.000 	0 0 0 0 0   		6.4 0.0 0.0
Element: 5176   0 1000 0 1.000 	0 0 0 0 0   		6.4 0.0 0.0
Element: 5177   0 1000 0 1.000 	0 0 0 0 0   		6.4 0.0 0.0
Element: 5178   0 1000 0 1.000 	0 0 0 0 0   		6.4 0.0 0.0
Element: 5179   0 1000 0 1.000 	0 0 0 0 0   		6.4 0.0 0.0
Element: 5180   0 1000 0 1.000 	0 0 0 0 0   		6.4 0.0 0.0
Element: 5181   0 1000 0 1.000 	0 0 0 0 0   		6.4 0.0 0.0
Element: 5182   0 1000 0 1.000 	0 0 0 0 0   		6.4 0.0 0.0
Element: 5183   0 1000 0 1.000 	0 0 0 0 0   		6.4 0.0 0.0
Element: 5184   0 1000 0 1.000 	0 0 0 0 0   		6.4 0.0 0.0
Element: 5185   0 1000 0 1.000 	0 0 0 0 0   		6.4 0.0 0.0
Element: 5186   0 1000 0 1.000 	0 0 0 0 0   		6.4 0.0 0.0
Element: 5187   0 1000 0 1.000 	0 0 0 0 0   		6.4 0.0 0.0
Element: 5188   0 1000 0 1.000 	0 0 0 0 0   		6.4 0.0 0.0
Element: 5189   0 1000 0 1.000 	0 0 0 0 0   		6.4 0.0 0.0
Element: 5190   0 1000 0 1.000 	0 0 0 0 0   		6.4 0.0 0.0
Element: 5191   0 1000 0 1.000 	0 0 0 0 0   		6.4 0.0 0.0
Element: 5240   0 1000 0 1.000 	0 0 0 0 0   		6.4 0.0 0.0
Element: 5241   0 1000 0 1.000 	0 0 0 0 0   		6.4 0.0 0.0
Element: 5242   0 1000 0 1.000 	0 0 0 0 0   		6.4 0.0 0.0
Element: 5243   0 1000 0 1.000 	0 0 0 0 0   		6.4 0.0 0.0
Element: 5244   0 1000 0 1.000 	0 0 0 0 0   		6.4 0.0 0.0
Element: 5245   0 1000 0 1.000 	0 0 0 0 0   		6.4 0.0 0.0
Element: 5246   0 1000 0 1.000 	0 0 0 0 0   		6.4 0.0 0.0
Element: 5247   0 1000 0 1.000 	0 0 0 0 0   		6.4 0.0 0.0
Element: 5248   0 1000 0 1.000 	0 0 0 0 0   		6.4 0.0 0.0
Element: 5249   0 1000 0 1.000 	0 0 0 0 0   		6.4 0.0 0.0
Element: 5250   0 1000 0 1.000 	0 0 0 0 0   		6.4 0.0 0.0
Element: 5251   0 1000 0 1.000 	0 0 0 0 0   		6.4 0.0 0.0
Element: 5252   0 1000 0 1.000 	0 0 0 0 0   		6.4 0.0 0.0
Element: 5253   0 1000 0 1.000 	0 0 0 0 0   		6.4 0.0 0.0
##
## 6th Layer: Chamber 2 outer strips. dist(mm), angles(deg), corr coefs
## #st:number of strips; mcl:max number clusters; cls:max cluster size;
## rad: radius (mm); tgwc: tan helix angle?; Z0: zero point in z;
## ZA0-2: quadratic z correction coeffs; 
## PhA0-2: qadratic phi correction coefficients
##	   name	      #st mcl cls rad len tgwc   Z0 pit ZA0 ZA1 ZA2 PhA0 PhA1 PhA2
##Cyl-Strip: OuterStrip2 100 4  4	 100. 560 0.97445 0 4.5 0.0 0.0 0.0 0.051 0.00 0.00
Cyl-Strip: OuterStrip2 100 4  4	 100. 560 0.97445 0 4.5 0.0 0.0 0.0 0.00 0.00 0.00
##
## Specify each wire  belonging to inner wire plane...one line for each
##	 ADC#   l  h   p MeV/ch TDC# l/h off  ns/ch     r,  z, phi
Element: 5274   0 1000 0 1.000 	0 0 0 0 0   		6.4 0.0 0.0
Element: 5275   0 1000 0 1.000 	0 0 0 0 0   		6.4 0.0 0.0
Element: 5276   0 1000 0 1.000 	0 0 0 0 0   		6.4 0.0 0.0
Element: 5277   0 1000 0 1.000 	0 0 0 0 0   		6.4 0.0 0.0
Element: 5278   0 1000 0 1.000 	0 0 0 0 0   		6.4 0.0 0.0
Element: 5279   0 1000 0 1.000 	0 0 0 0 0   		6.4 0.0 0.0
Element: 5280   0 1000 0 1.000 	0 0 0 0 0   		6.4 0.0 0.0
Element: 5281   0 1000 0 1.000 	0 0 0 0 0   		6.4 0.0 0.0
Element: 5282   0 1000 0 1.000 	0 0 0 0 0   		6.4 0.0 0.0
Element: 5283   0 1000 0 1.000 	0 0 0 0 0   		6.4 0.0 0.0
Element: 5284   0 1000 0 1.000 	0 0 0 0 0   		6.4 0.0 0.0
Element: 5285   0 1000 0 1.000 	0 0 0 0 0   		6.4 0.0 0.0
Element: 5286   0 1000 0 1.000 	0 0 0 0 0   		6.4 0.0 0.0
Element: 5287   0 1000 0 1.000 	0 0 0 0 0   		6.4 0.0 0.0
Element: 5304   0 1000 0 1.000 	0 0 0 0 0   		6.4 0.0 0.0
Element: 5305   0 1000 0 1.000 	0 0 0 0 0   		6.4 0.0 0.0
Element: 5306   0 1000 0 1.000 	0 0 0 0 0   		6.4 0.0 0.0
Element: 5307   0 1000 0 1.000 	0 0 0 0 0   		6.4 0.0 0.0
Element: 5308   0 1000 0 1.000 	0 0 0 0 0   		6.4 0.0 0.0
Element: 5309   0 1000 0 1.000 	0 0 0 0 0   		6.4 0.0 0.0
Element: 5310   0 1000 0 1.000 	0 0 0 0 0   		6.4 0.0 0.0
Element: 5311   0 1000 0 1.000 	0 0 0 0 0   		6.4 0.0 0.0
Element: 5312   0 1000 0 1.000 	0 0 0 0 0   		6.4 0.0 0.0
Element: 5313   0 1000 0 1.000 	0 0 0 0 0   		6.4 0.0 0.0
Element: 5314   0 1000 0 1.000 	0 0 0 0 0   		6.4 0.0 0.0
Element: 5315   0 1000 0 1.000 	0 0 0 0 0   		6.4 0.0 0.0
Element: 5316   0 1000 0 1.000 	0 0 0 0 0   		6.4 0.0 0.0
Element: 5317   0 1000 0 1.000 	0 0 0 0 0   		6.4 0.0 0.0
Element: 5318   0 1000 0 1.000 	0 0 0 0 0   		6.4 0.0 0.0
Element: 5319   0 1000 0 1.000 	0 0 0 0 0   		6.4 0.0 0.0
Element: 5128   0 1000 0 1.000 	0 0 0 0 0   		6.4 0.0 0.0
Element: 5129   0 1000 0 1.000 	0 0 0 0 0   		6.4 0.0 0.0
Element: 5130   0 1000 0 1.000 	0 0 0 0 0   		6.4 0.0 0.0
Element: 5131   0 1000 0 1.000 	0 0 0 0 0   		6.4 0.0 0.0
Element: 5132   0 1000 0 1.000 	0 0 0 0 0   		6.4 0.0 0.0
Element: 5133   0 1000 0 1.000 	0 0 0 0 0   		6.4 0.0 0.0
Element: 5134   0 1000 0 1.000 	0 0 0 0 0   		6.4 0.0 0.0
Element: 5135   0 1000 0 1.000 	0 0 0 0 0   		6.4 0.0 0.0
Element: 5136   0 1000 0 1.000 	0 0 0 0 0   		6.4 0.0 0.0
Element: 5137   0 1000 0 1.000 	0 0 0 0 0   		6.4 0.0 0.0
Element: 5138   0 1000 0 1.000 	0 0 0 0 0   		6.4 0.0 0.0
Element: 5139   0 1000 0 1.000 	0 0 0 0 0   		6.4 0.0 0.0
Element: 5140   0 1000 0 1.000 	0 0 0 0 0   		6.4 0.0 0.0
Element: 5141   0 1000 0 1.000 	0 0 0 0 0   		6.4 0.0 0.0
Element: 5142   0 1000 0 1.000 	0 0 0 0 0   		6.4 0.0 0.0
Element: 5143   0 1000 0 1.000 	0 0 0 0 0   		6.4 0.0 0.0
Element: 5220   0 1000 0 1.000 	0 0 0 0 0   		6.4 0.0 0.0
Element: 5221   0 1000 0 1.000 	0 0 0 0 0   		6.4 0.0 0.0
Element: 5222   0 1000 0 1.000 	0 0 0 0 0   		6.4 0.0 0.0
Element: 5223   0 1000 0 1.000 	0 0 0 0 0   		6.4 0.0 0.0
Element: 5160   0 1000 0 1.000 	0 0 0 0 0   		6.4 0.0 0.0
Element: 5161   0 1000 0 1.000 	0 0 0 0 0   		6.4 0.0 0.0
Element: 5162   0 1000 0 1.000 	0 0 0 0 0   		6.4 0.0 0.0
Element: 5163   0 1000 0 1.000 	0 0 0 0 0   		6.4 0.0 0.0
Element: 5164   0 1000 0 1.000 	0 0 0 0 0   		6.4 0.0 0.0
Element: 5165   0 1000 0 1.000 	0 0 0 0 0   		6.4 0.0 0.0
Element: 5166   0 1000 0 1.000 	0 0 0 0 0   		6.4 0.0 0.0
Element: 5167   0 1000 0 1.000 	0 0 0 0 0   		6.4 0.0 0.0
Element: 5168   0 1000 0 1.000 	0 0 0 0 0   		6.4 0.0 0.0
Element: 5169   0 1000 0 1.000 	0 0 0 0 0   		6.4 0.0 0.0
Element: 5170   0 1000 0 1.000 	0 0 0 0 0   		6.4 0.0 0.0
Element: 5171   0 1000 0 1.000 	0 0 0 0 0   		6.4 0.0 0.0
Element: 5172   0 1000 0 1.000 	0 0 0 0 0   		6.4 0.0 0.0
Element: 5173   0 1000 0 1.000 	0 0 0 0 0   		6.4 0.0 0.0
Element: 5174   0 1000 0 1.000 	0 0 0 0 0   		6.4 0.0 0.0
Element: 5175   0 1000 0 1.000 	0 0 0 0 0   		6.4 0.0 0.0
Element: 5192   0 1000 0 1.000 	0 0 0 0 0   		6.4 0.0 0.0
Element: 5193   0 1000 0 1.000 	0 0 0 0 0   		6.4 0.0 0.0
Element: 5194   0 1000 0 1.000 	0 0 0 0 0   		6.4 0.0 0.0
Element: 5195   0 1000 0 1.000 	0 0 0 0 0   		6.4 0.0 0.0
Element: 5196   0 1000 0 1.000 	0 0 0 0 0   		6.4 0.0 0.0
Element: 5197   0 1000 0 1.000 	0 0 0 0 0   		6.4 0.0 0.0
Element: 5198   0 1000 0 1.000 	0 0 0 0 0   		6.4 0.0 0.0
Element: 5199   0 1000 0 1.000 	0 0 0 0 0   		6.4 0.0 0.0
Element: 5200   0 1000 0 1.000 	0 0 0 0 0   		6.4 0.0 0.0
Element: 5201   0 1000 0 1.000 	0 0 0 0 0   		6.4 0.0 0.0
Element: 5202   0 1000 0 1.000 	0 0 0 0 0   		6.4 0.0 0.0
Element: 5203   0 1000 0 1.000 	0 0 0 0 0   		6.4 0.0 0.0
Element: 5204   0 1000 0 1.000 	0 0 0 0 0   		6.4 0.0 0.0
Element: 5205   0 1000 0 1.000 	0 0 0 0 0   		6.4 0.0 0.0
Element: 5206   0 1000 0 1.000 	0 0 0 0 0   		6.4 0.0 0.0
Element: 5207   0 1000 0 1.000 	0 0 0 0 0   		6.4 0.0 0.0
Element: 5064   0 1000 0 1.000 	0 0 0 0 0   		6.4 0.0 0.0
Element: 5065   0 1000 0 1.000 	0 0 0 0 0   		6.4 0.0 0.0
Element: 5066   0 1000 0 1.000 	0 0 0 0 0   		6.4 0.0 0.0
Element: 5067   0 1000 0 1.000 	0 0 0 0 0   		6.4 0.0 0.0
Element: 5068   0 1000 0 1.000 	0 0 0 0 0   		6.4 0.0 0.0
Element: 5069   0 1000 0 1.000 	0 0 0 0 0   		6.4 0.0 0.0
Element: 5070   0 1000 0 1.000 	0 0 0 0 0   		6.4 0.0 0.0
Element: 5071   0 1000 0 1.000 	0 0 0 0 0   		6.4 0.0 0.0
Element: 5072   0 1000 0 1.000 	0 0 0 0 0   		6.4 0.0 0.0
Element: 5073   0 1000 0 1.000 	0 0 0 0 0   		6.4 0.0 0.0
Element: 5074   0 1000 0 1.000 	0 0 0 0 0   		6.4 0.0 0.0
Element: 5075   0 1000 0 1.000 	0 0 0 0 0   		6.4 0.0 0.0
Element: 5076   0 1000 0 1.000 	0 0 0 0 0   		6.4 0.0 0.0
Element: 5077   0 1000 0 1.000 	0 0 0 0 0   		6.4 0.0 0.0
Element: 5078   0 1000 0 1.000 	0 0 0 0 0   		6.4 0.0 0.0
Element: 5079   0 1000 0 1.000 	0 0 0 0 0   		6.4 0.0 0.0
Element: 5272   0 1000 0 1.000 	0 0 0 0 0   		6.4 0.0 0.0
Element: 5273   0 1000 0 1.000 	0 0 0 0 0   		6.4 0.0 0.0
##
## Do some further array initialisation BEFORE display specification
Initialise:
##
#Data-Cut: 1D   Nhits	AND     data		1   1
##	Histograming of basic detector stuff
##
## Overall detector hits
Display:	1D	Nhits  			200	0	200
Display:	1D	Hits			800	0	800
##
## Hits in each layer
#Display:	1D	Wire1NHits  		16	0	16
#Display:	1D	Wire2NHits  		16	0	16
#Display:	1D	InnerStrip1NHits	32	0	32
#Display:	1D	OuterStrip1NHits	32	0	32
#Display:	1D	InnerStrip2NHits	32	0	32
#Display:	1D	OuterStrip2NHits	32	0	32
## Layer Hit frequency distributions
Display:	1D	Wire1Hits		192	0	192
Display:	1D	Wire2Hits		288	0	288
Display:	1D	InnerStrip1Hits		60	0	60
Display:	1D	OuterStrip1Hits		68	0	68
Display:	1D	InnerStrip2Hits		92	0	92
Display:	1D	OuterStrip2Hits		100	0	100
# Layer hit cluster C-of-G
#Display:	1D	Wire1CGClust!		100	0	100
#Display:	1D	Wire2CGClust!		288	0	288
#Display:	1D	InnerStrip1CGClust	60	0	60
#Display:	1D	OuterStrip1CGClust	68	0	68
#Display:	1D	InnerStrip2CGClust	92	0	92
#Display:	1D	OuterStrip2CGClust	100	0	100
# Layer hit cluster length
#Display:	1D	Wire1LenClust		10	0	10
#Display:	1D	Wire2LenClust		10	0	10
#Display:	1D	InnerStrip1LenClust	20	0	20
#Display:	1D	OuterStrip1LenClust	20	0	20
#Display:	1D	InnerStrip2LenClust	20	0	20
#Display:	1D	OuterStrip2LenClust	20	0	20
# Layer hit cluster start
#Display:	1D	Wire1StClust		100	0	100
#Display:	1D	Wire2StClust		288	0	288
#Display:	1D	InnerStrip1StClust	60	0	60
#Display:	1D	OuterStrip1StClust	68	0	68
#Display:	1D	InnerStrip2StClust	92	0	92
#Display:	1D	OuterStrip2StClust	100	0	100
# Layer # hit clusters
#Display:	1D	Wire1NClust		10	0	10
#Display:	1D	Wire2NClust		10	0	10
#Display:	1D	InnerStrip1NClust	10	0	10
#Display:	1D	OuterStrip1NClust	10	0	10
#Display:	1D	InnerStrip2NClust	10	0	10
#Display:	1D	OuterStrip2NClust	10	0	10
#
# Number of tracks and vertices
Display		1D	NTrack			10	0	10
Display		1D	NVertex			10	0	10
#
