##     Ladder file with recalibration of electron energies
##     Generated by macro LadderNewCal.C, J.R.M. Annand, 11th November 2008
##     Offset-Scalers AcquRoot Detector file
##     Macro ScalerOffset, J.R.M. Annand, 28th March 2007
##     Ladder file with recalibration of electron energies
##     Generated by macro LadderNewCal.C, J.R.M. Annand, 11th November 2008
##     Offset-Scalers AcquRoot Detector file
##     Macro ScalerOffset, J.R.M. Annand, 28th March 2007
##  Auto-Generated Tagger-Ladder Config File
##  ROOT Macro DM_LadderGen.C D.M. 05/10/2010 
##  Adapdted from the file LadderGen.C by  J.R.M. Annand
##
##	#FP	Energy	Time	Pos
Size: 	352 	0 	1 	1
#
#Multi-hit: 10
#
##	Scalers	Calib	Overlap	Micro	#trig	Toff	Tres
Misc:	1	1	1	0	0.0	-50	0.0
##
Window: 16. 24. -20. -12. 
##
## G 0 - 31  Section AB
##
Element:     816  0.200    2.5    0.00 0.000500  1438M0  -1000.0 1000.0 -3179.80 0.117000    0.000    0.000    0.000  110.294 1.982 412
Element:     800  0.200    2.5    0.00 0.000500  1432M0  -1000.0 1000.0 -3170.98 0.117000    0.000    0.000    0.000  112.291 2.065 400
Element:     817  0.200    2.5    0.00 0.000500  1454M0  -1000.0 1000.0 -3179.35 0.117000    0.000    0.000    0.000  114.373 2.149 413
Element:     801  0.200    2.5    0.00 0.000500  1448M0  -1000.0 1000.0 -3187.97 0.117000    0.000    0.000    0.000  116.537 2.231 401
Element:     818  0.200    2.5    0.00 0.000500  1439M0  -1000.0 1000.0 -3178.00 0.117000    0.000    0.000    0.000  118.785 2.318 414
Element:     802  0.200    2.5    0.00 0.000500  1433M0  -1000.0 1000.0 -3171.99 0.117000    0.000    0.000    0.000  121.118 2.408 402
Element:     819  0.200    2.5    0.00 0.000500  1455M0  -1000.0 1000.0 -3177.91 0.117000    0.000    0.000    0.000  123.544 2.500 415
Element:     803  0.200    2.5    0.00 0.000500  1449M0  -1000.0 1000.0 -3183.71 0.117000    0.000    0.000    0.000  126.061 2.591 403
Element:     820  0.200    2.5    0.00 0.000500  1440M0  -1000.0 1000.0 -3184.75 0.117000    0.000    0.000    0.000  128.665 2.680 416
Element:     804  0.200    2.5    0.00 0.000500  1434M0  -1000.0 1000.0 -3185.49 0.117000    0.000    0.000    0.000  131.354 2.765 404
Element:     821  0.200    2.5    0.00 0.000500  1456M0  -1000.0 1000.0 -3167.88 0.117000    0.000    0.000    0.000  134.125 2.847 417
Element:     805  0.200    2.5    0.00 0.000500  1450M0  -1000.0 1000.0 -3177.18 0.117000    0.000    0.000    0.000  136.976 2.923 405
Element:     822  0.200    2.5    0.00 0.000500  1441M0  -1000.0 1000.0 -3172.88 0.117000    0.000    0.000    0.000  139.900 2.996 418
Element:     806  0.200    2.5    0.00 0.000500  1435M0  -1000.0 1000.0 -3170.94 0.117000    0.000    0.000    0.000  142.892 3.063 406
Element:     823  0.200    2.5    0.00 0.000500  1457M0  -1000.0 1000.0 -3156.85 0.117000    0.000    0.000    0.000  145.947 3.124 419
Element:     807  0.200    2.5    0.00 0.000500  1451M0  -1000.0 1000.0 -3170.74 0.117000    0.000    0.000    0.000  149.056 3.176 407
Element:     824  0.200    2.5    0.00 0.000500  1442M0  -1000.0 1000.0 -3180.51 0.117000    0.000    0.000    0.000  152.213 3.223 420
Element:     808  0.200    2.5    0.00 0.000500  1436M0  -1000.0 1000.0 -3173.39 0.117000    0.000    0.000    0.000  155.407 3.257 408
Element:     825  0.200    2.5    0.00 0.000500  1458M0  -1000.0 1000.0 -3173.01 0.117000    0.000    0.000    0.000  158.634 3.283 421
Element:     809  0.200    2.5    0.00 0.000500  1452M0  -1000.0 1000.0 -3172.83 0.117000    0.000    0.000    0.000  161.878 3.301 409
Element:     826  0.200    2.5    0.00 0.000500  1443M0  -1000.0 1000.0 -3169.50 0.117000    0.000    0.000    0.000  165.134 3.301 422
Element:     810  0.200    2.5    0.00 0.000500  1437M0  -1000.0 1000.0 -3164.90 0.117000    0.000    0.000    0.000  168.387 3.293 410
Element:     827  0.200    2.5    0.00 0.000500  1459M0  -1000.0 1000.0 -3173.11 0.117000    0.000    0.000    0.000  171.630 3.273 423
Element:     811  0.200    2.5    0.00 0.000500  1453M0  -1000.0 1000.0 -3169.36 0.117000    0.000    0.000    0.000  174.849 3.243 411
Element:     828  0.200    2.5    0.00 0.000500  1444M0  -1000.0 1000.0 -3179.08 0.117000    0.000    0.000    0.000  178.034 3.206 424
Element:     829  0.200    2.5    0.00 0.000500  1460M0  -1000.0 1000.0 -3167.85 0.117000    0.000    0.000    0.000  181.179 3.162 425
Element:     830  0.200    2.5    0.00 0.000500  1445M0  -1000.0 1000.0 -3154.47 0.117000    0.000    0.000    0.000  184.276 3.110 426
Element:     831  0.200    2.5    0.00 0.000500  1461M0  -1000.0 1000.0 -3171.60 0.117000    0.000    0.000    0.000  187.321 3.060 427
Element:     812  0.200    2.5    0.00 0.000500  1446M0  -1000.0 1000.0 -3158.85 0.117000    0.000    0.000    0.000  190.312 3.006 428
Element:     813  0.200    2.5    0.00 0.000500  1462M0  -1000.0 1000.0 -3171.48 0.117000    0.000    0.000    0.000  193.249 2.956 429
Element:     814  0.200    2.5    0.00 0.000500  1447M0  -1000.0 1000.0 -3158.46 0.117000    0.000    0.000    0.000  196.138 2.911 430
Element:     815  0.200    2.5    0.00 0.000500  1463M0  -1000.0 1000.0 -3163.20 0.117000    0.000    0.000    0.000  198.987 2.871 431
##
## G 32 - 63  Section CD
##
Element:     832  0.200    2.5    0.00 0.000500  1464M0  -1000.0 1000.0 -3167.40 0.117000    0.000    0.000    0.000  201.778 2.880 432
Element:     833  0.200    2.5    0.00 0.000500  1480M0  -1000.0 1000.0 -3166.44 0.117000    0.000    0.000    0.000  204.580 2.932 433
Element:     834  0.200    2.5    0.00 0.000500  1465M0  -1000.0 1000.0 -3170.73 0.117000    0.000    0.000    0.000  207.368 2.971 434
Element:     835  0.200    2.5    0.00 0.000500  1481M0  -1000.0 1000.0 -3162.53 0.117000    0.000    0.000    0.000  210.164 2.995 435
Element:     836  0.200    2.5    0.00 0.000500  1466M0  -1000.0 1000.0 -3170.61 0.117000    0.000    0.000    0.000  212.978 3.008 436
Element:     837  0.200    2.5    0.00 0.000500  1482M0  -1000.0 1000.0 -3169.08 0.117000    0.000    0.000    0.000  215.814 3.027 437
Element:     838  0.200    2.5    0.00 0.000500  1467M0  -1000.0 1000.0 -3166.23 0.117000    0.000    0.000    0.000  218.702 2.977 438
Element:     839  0.200    2.5    0.00 0.000500  1483M0  -1000.0 1000.0 -3159.58 0.117000    0.000    0.000    0.000  221.525 2.928 439
Element:     840  0.200    2.5    0.00 0.000500  1468M0  -1000.0 1000.0 -3162.94 0.117000    0.000    0.000    0.000  224.394 2.954 440
Element:     841  0.200    2.5    0.00 0.000500  1484M0  -1000.0 1000.0 -3164.56 0.117000    0.000    0.000    0.000  227.276 2.984 441
Element:     842  0.200    2.5    0.00 0.000500  1469M0  -1000.0 1000.0 -3156.34 0.117000    0.000    0.000    0.000  230.169 3.010 442
Element:     843  0.200    2.5    0.00 0.000500  1485M0  -1000.0 1000.0 -3164.90 0.117000    0.000    0.000    0.000  233.071 3.041 443
Element:     844  0.200    2.5    0.00 0.000500  1470M0  -1000.0 1000.0 -3158.69 0.117000    0.000    0.000    0.000  235.986 3.068 444
Element:     845  0.200    2.5    0.00 0.000500  1486M0  -1000.0 1000.0 -3159.81 0.117000    0.000    0.000    0.000  238.911 3.098 445
Element:     846  0.200    2.5    0.00 0.000500  1471M0  -1000.0 1000.0 -3153.26 0.117000    0.000    0.000    0.000  241.847 3.126 446
Element:     847  0.200    2.5    0.00 0.000500  1487M0  -1000.0 1000.0 -3167.50 0.117000    0.000    0.000    0.000  244.792 3.154 447
Element:     848  0.200    2.5    0.00 0.000500  1472M0  -1000.0 1000.0 -3158.65 0.117000    0.000    0.000    0.000  247.789 3.106 448
Element:     849  0.200    2.5    0.00 0.000500  1488M0  -1000.0 1000.0 -3151.69 0.117000    0.000    0.000    0.000  250.720 3.055 449
Element:     850  0.200    2.5    0.00 0.000500  1473M0  -1000.0 1000.0 -3166.76 0.117000    0.000    0.000    0.000  253.701 3.086 450
Element:     851  0.200    2.5    0.00 0.000500  1489M0  -1000.0 1000.0 -3156.64 0.117000    0.000    0.000    0.000  256.692 3.112 451
Element:     852  0.200    2.5    0.00 0.000500  1474M0  -1000.0 1000.0 -3163.02 0.117000    0.000    0.000    0.000  259.694 3.142 452
Element:     853  0.200    2.5    0.00 0.000500  1490M0  -1000.0 1000.0 -3150.66 0.117000    0.000    0.000    0.000  262.709 3.170 453
Element:     854  0.200    2.5    0.00 0.000500  1475M0  -1000.0 1000.0 -3162.94 0.117000    0.000    0.000    0.000  265.736 3.197 454
Element:     855  0.200    2.5    0.00 0.000500  1491M0  -1000.0 1000.0 -3159.18 0.117000    0.000    0.000    0.000  268.774 3.226 455
Element:     856  0.200    2.5    0.00 0.000500  1476M0  -1000.0 1000.0 -3468.13 0.117000    0.000    0.000    0.000  271.855 3.191 456
Element:     857  0.200    2.5    0.00 0.000500  1492M0  -1000.0 1000.0 -3151.36 0.117000    0.000    0.000    0.000  274.882 3.151 457
Element:     858  0.200    2.5    0.00 0.000500  1477M0  -1000.0 1000.0 -3156.67 0.117000    0.000    0.000    0.000  277.955 3.180 458
Element:     859  0.200    2.5    0.00 0.000500  1493M0  -1000.0 1000.0 -3158.12 0.117000    0.000    0.000    0.000  281.039 3.208 459
Element:     860  0.200    2.5    0.00 0.000500  1478M0  -1000.0 1000.0 -3173.25 0.117000    0.000    0.000    0.000  284.134 3.237 460
Element:     861  0.200    2.5    0.00 0.000500  1494M0  -1000.0 1000.0 -3167.02 0.117000    0.000    0.000    0.000  287.241 3.264 461
Element:     862  0.200    2.5    0.00 0.000500  1479M0  -1000.0 1000.0 -3163.14 0.117000    0.000    0.000    0.000  290.361 3.293 462
Element:     863  0.200    2.5    0.00 0.000500  1495M0  -1000.0 1000.0 -3145.53 0.117000    0.000    0.000    0.000  293.492 3.325 463
##
## G 64 - 95  Section EF
##
Element:     864  0.200    2.5    0.00 0.000500  1496M0  -1000.0 1000.0 -3158.18 0.117000    0.000    0.000    0.000  296.634 3.353 464
Element:     865  0.200    2.5    0.00 0.000500  1512M0  -1000.0 1000.0 -3156.41 0.117000    0.000    0.000    0.000  299.788 3.382 465
Element:     866  0.200    2.5    0.00 0.000500  1497M0  -1000.0 1000.0 -3153.35 0.117000    0.000    0.000    0.000  302.953 3.410 466
Element:     867  0.200    2.5    0.00 0.000500  1513M0  -1000.0 1000.0 -3156.99 0.117000    0.000    0.000    0.000  306.171 3.358 467
Element:     868  0.200    2.5    0.00 0.000500  1498M0  -1000.0 1000.0 -3163.10 0.117000    0.000    0.000    0.000  309.319 3.304 468
Element:     869  0.200    2.5    0.00 0.000500  1514M0  -1000.0 1000.0 -3163.89 0.117000    0.000    0.000    0.000  312.519 3.333 469
Element:     870  0.200    2.5    0.00 0.000500  1499M0  -1000.0 1000.0 -3155.20 0.117000    0.000    0.000    0.000  315.732 3.361 470
Element:     871  0.200    2.5    0.00 0.000500  1515M0  -1000.0 1000.0 -3156.13 0.117000    0.000    0.000    0.000  318.956 3.390 471
Element:     872  0.200    2.5    0.00 0.000500  1500M0  -1000.0 1000.0 -3164.88 0.117000    0.000    0.000    0.000  322.192 3.420 472
Element:     873  0.200    2.5    0.00 0.000500  1516M0  -1000.0 1000.0 -3158.72 0.117000    0.000    0.000    0.000  325.439 3.448 473
Element:     874  0.200    2.5    0.00 0.000500  1501M0  -1000.0 1000.0 -3150.83 0.117000    0.000    0.000    0.000  328.698 3.477 474
Element:     875  0.200    2.5    0.00 0.000500  1517M0  -1000.0 1000.0 -3155.66 0.117000    0.000    0.000    0.000  331.968 3.508 475
Element:     876  0.200    2.5    0.00 0.000500  1502M0  -1000.0 1000.0 -3148.50 0.117000    0.000    0.000    0.000  335.286 3.467 476
Element:     877  0.200    2.5    0.00 0.000500  1518M0  -1000.0 1000.0 -3154.95 0.117000    0.000    0.000    0.000  338.545 3.423 477
Element:     878  0.200    2.5    0.00 0.000500  1503M0  -1000.0 1000.0 -3149.72 0.117000    0.000    0.000    0.000  341.849 3.453 478
Element:     879  0.200    2.5    0.00 0.000500  1519M0  -1000.0 1000.0 -3156.41 0.117000    0.000    0.000    0.000  345.167 3.480 479
Element:     880  0.200    2.5    0.00 0.000500  1504M0  -1000.0 1000.0 -3154.02 0.117000    0.000    0.000    0.000  348.495 3.512 480
Element:     881  0.200    2.5    0.00 0.000500  1520M0  -1000.0 1000.0 -3151.37 0.117000    0.000    0.000    0.000  351.833 3.538 481
Element:     882  0.200    2.5    0.00 0.000500  1505M0  -1000.0 1000.0 -3150.62 0.117000    0.000    0.000    0.000  355.185 3.568 482
Element:     883  0.200    2.5    0.00 0.000500  1521M0  -1000.0 1000.0 -3143.42 0.117000    0.000    0.000    0.000  358.548 3.597 483
Element:     884  0.200    2.5    0.00 0.000500  1506M0  -1000.0 1000.0 -3160.74 0.117000    0.000    0.000    0.000  361.922 3.627 484
Element:     885  0.200    2.5    0.00 0.000500  1522M0  -1000.0 1000.0 -3152.53 0.117000    0.000    0.000    0.000  365.344 3.582 485
Element:     886  0.200    2.5    0.00 0.000500  1507M0  -1000.0 1000.0 -3151.40 0.117000    0.000    0.000    0.000  368.704 3.537 486
Element:     887  0.200    2.5    0.00 0.000500  1523M0  -1000.0 1000.0 -3152.16 0.117000    0.000    0.000    0.000  372.112 3.564 487
Element:     888  0.200    2.5    0.00 0.000500  1508M0  -1000.0 1000.0 -3154.41 0.117000    0.000    0.000    0.000  375.532 3.595 488
Element:     889  0.200    2.5    0.00 0.000500  1524M0  -1000.0 1000.0 -3145.01 0.117000    0.000    0.000    0.000  378.962 3.624 489
Element:     890  0.200    2.5    0.00 0.000500  1509M0  -1000.0 1000.0 -3150.34 0.117000    0.000    0.000    0.000  382.403 3.652 490
Element:     891  0.200    2.5    0.00 0.000500  1525M0  -1000.0 1000.0 -3150.36 0.117000    0.000    0.000    0.000  385.856 3.682 491
Element:     892  0.200    2.5    0.00 0.000500  1510M0  -1000.0 1000.0 -3145.41 0.117000    0.000    0.000    0.000  389.320 3.711 492
Element:     893  0.200    2.5    0.00 0.000500  1526M0  -1000.0 1000.0 -3141.31 0.117000    0.000    0.000    0.000  392.795 3.740 493
Element:     894  0.200    2.5    0.00 0.000500  1511M0  -1000.0 1000.0 -3144.61 0.117000    0.000    0.000    0.000  396.315 3.704 494
Element:     895  0.200    2.5    0.00 0.000500  1527M0  -1000.0 1000.0 -3135.46 0.117000    0.000    0.000    0.000  399.778 3.664 495
##
## G 96 - 127  Section GH
##
Element:     896  0.200    2.5    0.00 0.000500  1528M0  -1000.0 1000.0 -3139.01 0.117000    0.000    0.000    0.000  403.285 3.693 496
Element:     897  0.200    2.5    0.00 0.000500  1544M0  -1000.0 1000.0 -3141.89 0.117000    0.000    0.000    0.000  406.804 3.722 497
Element:     898  0.200    2.5    0.00 0.000500  1529M0  -1000.0 1000.0 -3139.46 0.117000    0.000    0.000    0.000  410.333 3.751 498
Element:     899  0.200    2.5    0.00 0.000500  1545M0  -1000.0 1000.0 -3143.92 0.117000    0.000    0.000    0.000  413.874 3.780 499
Element:     900  0.200    2.5    0.00 0.000500  1530M0  -1000.0 1000.0 -3143.90 0.117000    0.000    0.000    0.000  417.425 3.810 500
Element:     901  0.200    2.5    0.00 0.000500  1546M0  -1000.0 1000.0 -3146.80 0.117000    0.000    0.000    0.000  420.986 3.841 501
Element:     902  0.200    2.5    0.00 0.000500  1531M0  -1000.0 1000.0 -3143.59 0.117000    0.000    0.000    0.000  424.559 3.869 502
Element:     903  0.200    2.5    0.00 0.000500  1547M0  -1000.0 1000.0 -3054.21 0.117000    0.000    0.000    0.000  428.183 3.816 503
Element:     904  0.200    2.5    0.00 0.000500  1532M0  -1000.0 1000.0 -3149.77 0.117000    0.000    0.000    0.000  431.735 3.762 504
Element:     905  0.200    2.5    0.00 0.000500  1548M0  -1000.0 1000.0 -3153.11 0.117000    0.000    0.000    0.000  435.340 3.791 505
Element:     906  0.200    2.5    0.00 0.000500  1533M0  -1000.0 1000.0 -3160.51 0.117000    0.000    0.000    0.000  438.953 3.821 506
Element:     907  0.200    2.5    0.00 0.000500  1549M0  -1000.0 1000.0 -3167.67 0.117000    0.000    0.000    0.000  442.579 3.849 507
Element:     908  0.200    2.5    0.00 0.000500  1534M0  -1000.0 1000.0 -3136.87 0.117000    0.000    0.000    0.000  446.213 3.878 508
Element:     909  0.200    2.5    0.00 0.000500  1550M0  -1000.0 1000.0 -3138.91 0.117000    0.000    0.000    0.000  449.859 3.908 509
Element:     910  0.200    2.5    0.00 0.000500  1535M0  -1000.0 1000.0 -3136.04 0.117000    0.000    0.000    0.000  453.514 3.936 510
Element:     911  0.200    2.5    0.00 0.000500  1551M0  -1000.0 1000.0 -3000.00 0.117000    0.000    0.000    0.000  457.180 3.966 511
Element:     912  0.200    2.5    0.00 0.000500  1536M0  -1000.0 1000.0 -3138.56 0.117000    0.000    0.000    0.000  460.855 3.995 512
Element:     913  0.200    2.5    0.00 0.000500  1552M0  -1000.0 1000.0 -3130.72 0.117000    0.000    0.000    0.000  464.579 3.950 513
Element:     914  0.200    2.5    0.00 0.000500  1537M0  -1000.0 1000.0 -3147.96 0.117000    0.000    0.000    0.000  468.237 3.905 514
Element:     915  0.200    2.5    0.00 0.000500  1553M0  -1000.0 1000.0 -3134.14 0.117000    0.000    0.000    0.000  471.943 3.933 515
Element:     916  0.200    2.5    0.00 0.000500  1538M0  -1000.0 1000.0 -3147.65 0.117000    0.000    0.000    0.000  475.658 3.963 516
Element:     917  0.200    2.5    0.00 0.000500  1554M0  -1000.0 1000.0 -3139.15 0.117000    0.000    0.000    0.000  479.384 3.991 517
Element:     918  0.200    2.5    0.00 0.000500  1539M0  -1000.0 1000.0 -3140.72 0.117000    0.000    0.000    0.000  483.119 4.021 518
Element:     919  0.200    2.5    0.00 0.000500  1555M0  -1000.0 1000.0 -3137.89 0.117000    0.000    0.000    0.000  486.864 4.051 519
Element:     920  0.200    2.5    0.00 0.000500  1540M0  -1000.0 1000.0 -3144.06 0.117000    0.000    0.000    0.000  490.618 4.080 520
Element:     921  0.200    2.5    0.00 0.000500  1556M0  -1000.0 1000.0 -3136.62 0.117000    0.000    0.000    0.000  494.382 4.109 521
Element:     922  0.200    2.5    0.00 0.000500  1541M0  -1000.0 1000.0 -3142.11 0.117000    0.000    0.000    0.000  498.155 4.139 522
Element:     923  0.200    2.5    0.00 0.000500  1557M0  -1000.0 1000.0 -3139.42 0.117000    0.000    0.000    0.000  501.983 4.077 523
Element:     924  0.200    2.5    0.00 0.000500  1542M0  -1000.0 1000.0 -3132.86 0.117000    0.000    0.000    0.000  505.730 4.013 524
Element:     925  0.200    2.5    0.00 0.000500  1558M0  -1000.0 1000.0 -3137.73 0.117000    0.000    0.000    0.000  509.531 4.041 525
Element:     926  0.200    2.5    0.00 0.000500  1543M0  -1000.0 1000.0 -3146.56 0.117000    0.000    0.000    0.000  513.341 4.071 526
Element:     927  0.200    2.5    0.00 0.000500  1559M0  -1000.0 1000.0 -3127.37 0.117000    0.000    0.000    0.000  517.161 4.100 527
##
## G 128 - 159  Section IJ
##
Element:     928  0.200    2.5    0.00 0.000500  1560M0  -1000.0 1000.0 -3118.73 0.117000    0.000    0.000    0.000  520.990 4.130 528
Element:     929  0.200    2.5    0.00 0.000500  1576M0  -1000.0 1000.0 -3122.50 0.117000    0.000    0.000    0.000  524.827 4.158 529
Element:     930  0.200    2.5    0.00 0.000500  1561M0  -1000.0 1000.0 -3120.42 0.117000    0.000    0.000    0.000  528.674 4.189 530
Element:     931  0.200    2.5    0.00 0.000500  1577M0  -1000.0 1000.0 -3124.21 0.117000    0.000    0.000    0.000  532.530 4.217 531
Element:     932  0.200    2.5    0.00 0.000500  1562M0  -1000.0 1000.0 -3121.29 0.117000    0.000    0.000    0.000  536.395 4.246 532
Element:     933  0.200    2.5    0.00 0.000500  1578M0  -1000.0 1000.0 -3123.93 0.117000    0.000    0.000    0.000  540.315 4.180 533
Element:     934  0.200    2.5    0.00 0.000500  1563M0  -1000.0 1000.0 -3132.56 0.117000    0.000    0.000    0.000  544.149 4.113 534
Element:     935  0.200    2.5    0.00 0.000500  1579M0  -1000.0 1000.0 -3122.73 0.117000    0.000    0.000    0.000  548.039 4.141 535
Element:     936  0.200    2.5    0.00 0.000500  1564M0  -1000.0 1000.0 -3129.93 0.117000    0.000    0.000    0.000  551.938 4.171 536
Element:     937  0.200    2.5    0.00 0.000500  1580M0  -1000.0 1000.0 -3135.39 0.117000    0.000    0.000    0.000  555.845 4.198 537
Element:     938  0.200    2.5    0.00 0.000500  1565M0  -1000.0 1000.0 -3123.43 0.117000    0.000    0.000    0.000  559.761 4.227 538
Element:     939  0.200    2.5    0.00 0.000500  1581M0  -1000.0 1000.0 -3131.05 0.117000    0.000    0.000    0.000  563.685 4.255 539
Element:     940  0.200    2.5    0.00 0.000500  1566M0  -1000.0 1000.0 -3116.00 0.117000    0.000    0.000    0.000  567.617 4.284 540
Element:     941  0.200    2.5    0.00 0.000500  1582M0  -1000.0 1000.0 -3128.43 0.117000    0.000    0.000    0.000  571.558 4.313 541
Element:     942  0.200    2.5    0.00 0.000500  1567M0  -1000.0 1000.0 -3117.66 0.117000    0.000    0.000    0.000  575.506 4.342 542
Element:     943  0.200    2.5    0.00 0.000500  1583M0  -1000.0 1000.0 -3121.87 0.117000    0.000    0.000    0.000  579.463 4.371 543
Element:     944  0.200    2.5    0.00 0.000500  1568M0  -1000.0 1000.0 -3121.59 0.117000    0.000    0.000    0.000  583.477 4.299 544
Element:     945  0.200    2.5    0.00 0.000500  1584M0  -1000.0 1000.0 -3115.25 0.117000    0.000    0.000    0.000  587.400 4.227 545
Element:     946  0.200    2.5    0.00 0.000500  1569M0  -1000.0 1000.0 -3118.53 0.117000    0.000    0.000    0.000  591.380 4.255 546
Element:     947  0.200    2.5    0.00 0.000500  1585M0  -1000.0 1000.0 -3110.37 0.117000    0.000    0.000    0.000  595.368 4.283 547
Element:     948  0.200    2.5    0.00 0.000500  1570M0  -1000.0 1000.0 -3120.10 0.117000    0.000    0.000    0.000  599.363 4.313 548
Element:     949  0.200    2.5    0.00 0.000500  1586M0  -1000.0 1000.0 -3115.45 0.117000    0.000    0.000    0.000  603.366 4.339 549
Element:     950  0.200    2.5    0.00 0.000500  1571M0  -1000.0 1000.0 -3121.12 0.117000    0.000    0.000    0.000  607.377 4.368 550
Element:     951  0.200    2.5    0.00 0.000500  1587M0  -1000.0 1000.0 -3121.65 0.117000    0.000    0.000    0.000  611.395 4.396 551
Element:     952  0.200    2.5    0.00 0.000500  1572M0  -1000.0 1000.0 -3123.81 0.117000    0.000    0.000    0.000  615.420 4.425 552
Element:     953  0.200    2.5    0.00 0.000500  1588M0  -1000.0 1000.0 -3113.42 0.117000    0.000    0.000    0.000  619.453 4.454 553
Element:     954  0.200    2.5    0.00 0.000500  1573M0  -1000.0 1000.0 -3116.33 0.117000    0.000    0.000    0.000  623.493 4.482 554
Element:     955  0.200    2.5    0.00 0.000500  1589M0  -1000.0 1000.0 -3110.26 0.117000    0.000    0.000    0.000  627.593 4.406 555
Element:     956  0.200    2.5    0.00 0.000500  1574M0  -1000.0 1000.0 -3109.78 0.117000    0.000    0.000    0.000  631.594 4.327 556
Element:     957  0.200    2.5    0.00 0.000500  1590M0  -1000.0 1000.0 -3105.69 0.117000    0.000    0.000    0.000  635.655 4.357 557
Element:     958  0.200    2.5    0.00 0.000500  1575M0  -1000.0 1000.0 -3112.69 0.117000    0.000    0.000    0.000  639.723 4.382 558
Element:     959  0.200    2.5    0.00 0.000500  1591M0  -1000.0 1000.0 -3107.38 0.117000    0.000    0.000    0.000  643.798 4.412 559
##
## G 160 - 191  Section KL
##
Element:     960  0.200    2.5    0.00 0.000500  1592M0  -1000.0 1000.0 -3109.91 0.117000    0.000    0.000    0.000  647.879 4.439 560
Element:     961  0.200    2.5    0.00 0.000500  1608M0  -1000.0 1000.0 -3118.24 0.117000    0.000    0.000    0.000  651.967 4.468 561
Element:     962  0.200    2.5    0.00 0.000500  1593M0  -1000.0 1000.0 -3114.54 0.117000    0.000    0.000    0.000  656.062 4.495 562
Element:     963  0.200    2.5    0.00 0.000500  1609M0  -1000.0 1000.0 -3115.79 0.117000    0.000    0.000    0.000  660.163 4.524 563
Element:     964  0.200    2.5    0.00 0.000500  1594M0  -1000.0 1000.0 -3110.71 0.117000    0.000    0.000    0.000  664.271 4.551 564
Element:     965  0.200    2.5    0.00 0.000500  1610M0  -1000.0 1000.0 -3114.86 0.117000    0.000    0.000    0.000  668.385 4.578 565
Element:     966  0.200    2.5    0.00 0.000500  1595M0  -1000.0 1000.0 -3115.69 0.117000    0.000    0.000    0.000  672.560 4.499 566
Element:     967  0.200    2.5    0.00 0.000500  1611M0  -1000.0 1000.0 -3114.10 0.117000    0.000    0.000    0.000  676.632 4.415 567
Element:     968  0.200    2.5    0.00 0.000500  1596M0  -1000.0 1000.0 -3113.75 0.117000    0.000    0.000    0.000  680.765 4.441 568
Element:     969  0.200    2.5    0.00 0.000500  1612M0  -1000.0 1000.0 -3123.15 0.117000    0.000    0.000    0.000  684.904 4.470 569
Element:     970  0.200    2.5    0.00 0.000500  1597M0  -1000.0 1000.0 -3114.45 0.117000    0.000    0.000    0.000  689.049 4.497 570
Element:     971  0.200    2.5    0.00 0.000500  1613M0  -1000.0 1000.0 -3123.33 0.117000    0.000    0.000    0.000  693.199 4.524 571
Element:     972  0.200    2.5    0.00 0.000500  1598M0  -1000.0 1000.0 -3114.34 0.117000    0.000    0.000    0.000  697.356 4.552 572
Element:     973  0.200    2.5    0.00 0.000500  1614M0  -1000.0 1000.0 -3118.09 0.117000    0.000    0.000    0.000  701.518 4.578 573
Element:     974  0.200    2.5    0.00 0.000500  1599M0  -1000.0 1000.0 -3108.49 0.117000    0.000    0.000    0.000  705.686 4.608 574
Element:     975  0.200    2.5    0.00 0.000500  1615M0  -1000.0 1000.0 -3120.51 0.117000    0.000    0.000    0.000  709.859 4.634 575
Element:     976  0.200    2.5    0.00 0.000500  1600M0  -1000.0 1000.0 -3113.79 0.117000    0.000    0.000    0.000  714.038 4.662 576
Element:     977  0.200    2.5    0.00 0.000500  1616M0  -1000.0 1000.0 -3106.19 0.117000    0.000    0.000    0.000  718.271 4.593 577
Element:     978  0.200    2.5    0.00 0.000500  1601M0  -1000.0 1000.0 -3112.77 0.117000    0.000    0.000    0.000  722.412 4.518 578
Element:     979  0.200    2.5    0.00 0.000500  1617M0  -1000.0 1000.0 -3100.02 0.117000    0.000    0.000    0.000  726.607 4.546 579
Element:     980  0.200    2.5    0.00 0.000500  1602M0  -1000.0 1000.0 -3119.26 0.117000    0.000    0.000    0.000  730.807 4.573 580
Element:     981  0.200    2.5    0.00 0.000500  1618M0  -1000.0 1000.0 -3109.42 0.117000    0.000    0.000    0.000  735.013 4.600 581
Element:     982  0.200    2.5    0.00 0.000500  1603M0  -1000.0 1000.0 -3110.53 0.117000    0.000    0.000    0.000  739.223 4.627 582
Element:     983  0.200    2.5    0.00 0.000500  1619M0  -1000.0 1000.0 -3108.36 0.117000    0.000    0.000    0.000  743.439 4.655 583
Element:     984  0.200    2.5    0.00 0.000500  1604M0  -1000.0 1000.0 -3112.99 0.117000    0.000    0.000    0.000  747.659 4.681 584
Element:     985  0.200    2.5    0.00 0.000500  1620M0  -1000.0 1000.0 -3106.07 0.117000    0.000    0.000    0.000  751.884 4.707 585
Element:     986  0.200    2.5    0.00 0.000500  1605M0  -1000.0 1000.0 -3111.11 0.117000    0.000    0.000    0.000  756.114 4.735 586
Element:     987  0.200    2.5    0.00 0.000500  1621M0  -1000.0 1000.0 -3103.93 0.117000    0.000    0.000    0.000  760.349 4.762 587
Element:     988  0.200    2.5    0.00 0.000500  1606M0  -1000.0 1000.0 -3100.05 0.117000    0.000    0.000    0.000  764.648 4.670 588
Element:     989  0.200    2.5    0.00 0.000500  1622M0  -1000.0 1000.0 -3101.51 0.117000    0.000    0.000    0.000  768.831 4.576 589
Element:     990  0.200    2.5    0.00 0.000500  1607M0  -1000.0 1000.0 -3113.54 0.117000    0.000    0.000    0.000  773.080 4.602 590
Element:     991  0.200    2.5    0.00 0.000500  1623M0  -1000.0 1000.0 -3104.89 0.117000    0.000    0.000    0.000  777.333 4.630 591
##
## G 192 - 223  Section MN
##
Element:     992  0.200    2.5    0.00 0.000500  1624M0  -1000.0 1000.0 -3000.00 0.117000    0.000    0.000    0.000  781.590 4.655 592
Element:     993  0.200    2.5    0.00 0.000500  1640M0  -1000.0 1000.0 -3108.28 0.117000    0.000    0.000    0.000  785.851 4.682 593
Element:     994  0.200    2.5    0.00 0.000500  1625M0  -1000.0 1000.0 -3107.97 0.117000    0.000    0.000    0.000  790.116 4.708 594
Element:     995  0.200    2.5    0.00 0.000500  1641M0  -1000.0 1000.0 -3112.27 0.117000    0.000    0.000    0.000  794.385 4.735 595
Element:     996  0.200    2.5    0.00 0.000500  1626M0  -1000.0 1000.0 -3117.97 0.117000    0.000    0.000    0.000  798.659 4.761 596
Element:     997  0.200    2.5    0.00 0.000500  1642M0  -1000.0 1000.0 -3120.25 0.117000    0.000    0.000    0.000  802.936 4.786 597
Element:     998  0.200    2.5    0.00 0.000500  1627M0  -1000.0 1000.0 -3112.43 0.117000    0.000    0.000    0.000  807.218 4.814 598
Element:     999  0.200    2.5    0.00 0.000500  1643M0  -1000.0 1000.0 -3113.66 0.117000    0.000    0.000    0.000  811.502 4.840 599
Element:    1000  0.200    2.5    0.00 0.000500  1628M0  -1000.0 1000.0 -3106.37 0.117000    0.000    0.000    0.000  815.844 4.759 600
Element:    1001  0.200    2.5    0.00 0.000500  1644M0  -1000.0 1000.0 -3117.80 0.117000    0.000    0.000    0.000  820.083 4.679 601
Element:    1002  0.200    2.5    0.00 0.000500  1629M0  -1000.0 1000.0 -3106.71 0.117000    0.000    0.000    0.000  824.379 4.704 602
Element:    1003  0.200    2.5    0.00 0.000500  1645M0  -1000.0 1000.0 -3108.80 0.117000    0.000    0.000    0.000  828.678 4.729 603
Element:    1004  0.200    2.5    0.00 0.000500  1630M0  -1000.0 1000.0 -3106.14 0.117000    0.000    0.000    0.000  832.981 4.755 604
Element:    1005  0.200    2.5    0.00 0.000500  1646M0  -1000.0 1000.0 -3119.20 0.117000    0.000    0.000    0.000  837.286 4.782 605
Element:    1006  0.200    2.5    0.00 0.000500  1631M0  -1000.0 1000.0 -3122.20 0.117000    0.000    0.000    0.000  841.596 4.807 606
Element:    1007  0.200    2.5    0.00 0.000500  1647M0  -1000.0 1000.0 -3117.33 0.117000    0.000    0.000    0.000  845.908 4.833 607
Element:    1008  0.200    2.5    0.00 0.000500  1632M0  -1000.0 1000.0 -3105.99 0.117000    0.000    0.000    0.000  850.224 4.858 608
Element:    1009  0.200    2.5    0.00 0.000500  1648M0  -1000.0 1000.0 -3100.94 0.117000    0.000    0.000    0.000  854.543 4.884 609
Element:    1010  0.200    2.5    0.00 0.000500  1633M0  -1000.0 1000.0 -3110.17 0.117000    0.000    0.000    0.000  858.864 4.910 610
Element:    1011  0.200    2.5    0.00 0.000500  1649M0  -1000.0 1000.0 -3098.48 0.117000    0.000    0.000    0.000  863.189 4.937 611
Element:    1012  0.200    2.5    0.00 0.000500  1634M0  -1000.0 1000.0 -3112.60 0.117000    0.000    0.000    0.000  867.581 4.833 612
Element:    1013  0.200    2.5    0.00 0.000500  1650M0  -1000.0 1000.0 -3104.44 0.117000    0.000    0.000    0.000  871.846 4.727 613
Element:    1014  0.200    2.5    0.00 0.000500  1635M0  -1000.0 1000.0 -3104.20 0.117000    0.000    0.000    0.000  876.178 4.753 614
Element:    1015  0.200    2.5    0.00 0.000500  1651M0  -1000.0 1000.0 -3105.95 0.117000    0.000    0.000    0.000  880.514 4.777 615
Element:    1016  0.200    2.5    0.00 0.000500  1636M0  -1000.0 1000.0 -3110.77 0.117000    0.000    0.000    0.000  884.852 4.803 616
Element:    1017  0.200    2.5    0.00 0.000500  1652M0  -1000.0 1000.0 -3103.47 0.117000    0.000    0.000    0.000  889.192 4.828 617
Element:    1018  0.200    2.5    0.00 0.000500  1637M0  -1000.0 1000.0 -3101.41 0.117000    0.000    0.000    0.000  893.534 4.852 618
Element:    1019  0.200    2.5    0.00 0.000500  1653M0  -1000.0 1000.0 -3106.51 0.117000    0.000    0.000    0.000  897.880 4.877 619
Element:    1020  0.200    2.5    0.00 0.000500  1638M0  -1000.0 1000.0 -3094.40 0.117000    0.000    0.000    0.000  902.227 4.902 620
Element:    1021  0.200    2.5    0.00 0.000500  1654M0  -1000.0 1000.0 -3095.81 0.117000    0.000    0.000    0.000  906.576 4.927 621
Element:    1022  0.200    2.5    0.00 0.000500  1639M0  -1000.0 1000.0 -3097.97 0.117000    0.000    0.000    0.000  910.928 4.953 622
Element:    1023  0.200    2.5    0.00 0.000500  1655M0  -1000.0 1000.0 -3093.63 0.117000    0.000    0.000    0.000  915.282 4.978 623
##
## G 224 - 255  Section OP
##
Element:    1024  0.200    2.5    0.00 0.000500  1656M0  -1000.0 1000.0 -2844.80 0.117000    0.000    0.000    0.000  919.704 4.869 624
Element:    1025  0.200    2.5    0.00 0.000500  1672M0  -1000.0 1000.0 -3089.36 0.117000    0.000    0.000    0.000  923.994 4.758 625
Element:    1026  0.200    2.5    0.00 0.000500  1657M0  -1000.0 1000.0 -3094.09 0.117000    0.000    0.000    0.000  928.354 4.782 626
Element:    1027  0.200    2.5    0.00 0.000500  1673M0  -1000.0 1000.0 -3099.94 0.117000    0.000    0.000    0.000  932.715 4.807 627
Element:    1028  0.200    2.5    0.00 0.000500  1658M0  -1000.0 1000.0 -3103.56 0.117000    0.000    0.000    0.000  937.078 4.830 628
Element:    1029  0.200    2.5    0.00 0.000500  1674M0  -1000.0 1000.0 -3166.55 0.117000    0.000    0.000    0.000  941.442 4.855 629
Element:    1030  0.200    2.5    0.00 0.000500  1659M0  -1000.0 1000.0 -3098.08 0.117000    0.000    0.000    0.000  945.808 4.879 630
Element:    1031  0.200    2.5    0.00 0.000500  1675M0  -1000.0 1000.0 -3100.68 0.117000    0.000    0.000    0.000  950.176 4.903 631
Element:    1032  0.200    2.5    0.00 0.000500  1660M0  -1000.0 1000.0 -3084.67 0.117000    0.000    0.000    0.000  954.545 4.927 632
Element:    1033  0.200    2.5    0.00 0.000500  1676M0  -1000.0 1000.0 -3101.73 0.117000    0.000    0.000    0.000  958.916 4.952 633
Element:    1034  0.200    2.5    0.00 0.000500  1661M0  -1000.0 1000.0 -3097.47 0.117000    0.000    0.000    0.000  963.287 4.976 634
Element:    1035  0.200    2.5    0.00 0.000500  1677M0  -1000.0 1000.0 -3105.72 0.117000    0.000    0.000    0.000  967.660 4.999 635
Element:    1036  0.200    2.5    0.00 0.000500  1662M0  -1000.0 1000.0 -3089.09 0.117000    0.000    0.000    0.000  972.094 4.906 636
Element:    1037  0.200    2.5    0.00 0.000500  1678M0  -1000.0 1000.0 -3099.50 0.117000    0.000    0.000    0.000  976.410 4.809 637
Element:    1038  0.200    2.5    0.00 0.000500  1663M0  -1000.0 1000.0 -3093.09 0.117000    0.000    0.000    0.000  980.786 4.833 638
Element:    1039  0.200    2.5    0.00 0.000500  1679M0  -1000.0 1000.0 -3096.72 0.117000    0.000    0.000    0.000  985.164 4.857 639
Element:    1040  0.200    2.5    0.00 0.000500  1664M0  -1000.0 1000.0 -3095.66 0.117000    0.000    0.000    0.000  989.542 4.880 640
Element:    1041  0.200    2.5    0.00 0.000500  1680M0  -1000.0 1000.0 -3090.70 0.117000    0.000    0.000    0.000  993.920 4.904 641
Element:    1042  0.200    2.5    0.00 0.000500  1665M0  -1000.0 1000.0 -3092.96 0.117000    0.000    0.000    0.000  998.301 4.926 642
Element:    1043  0.200    2.5    0.00 0.000500  1681M0  -1000.0 1000.0 -3089.91 0.117000    0.000    0.000    0.000 1002.682 4.951 643
Element:    1044  0.200    2.5    0.00 0.000500  1666M0  -1000.0 1000.0 -3103.03 0.117000    0.000    0.000    0.000 1007.063 4.973 644
Element:    1045  0.200    2.5    0.00 0.000500  1682M0  -1000.0 1000.0 -3092.93 0.117000    0.000    0.000    0.000 1011.445 4.997 645
Element:    1046  0.200    2.5    0.00 0.000500  1667M0  -1000.0 1000.0 -3092.50 0.117000    0.000    0.000    0.000 1015.827 5.020 646
Element:    1047  0.200    2.5    0.00 0.000500  1683M0  -1000.0 1000.0 -3092.84 0.117000    0.000    0.000    0.000 1020.211 5.044 647
Element:    1048  0.200    2.5    0.00 0.000500  1668M0  -1000.0 1000.0 -3103.28 0.117000    0.000    0.000    0.000 1024.655 4.943 648
Element:    1049  0.200    2.5    0.00 0.000500  1684M0  -1000.0 1000.0 -3097.70 0.117000    0.000    0.000    0.000 1028.978 4.844 649
Element:    1050  0.200    2.5    0.00 0.000500  1669M0  -1000.0 1000.0 -3116.12 0.117000    0.000    0.000    0.000 1033.362 4.867 650
Element:    1051  0.200    2.5    0.00 0.000500  1685M0  -1000.0 1000.0 -3101.13 0.117000    0.000    0.000    0.000 1037.747 4.888 651
Element:    1052  0.200    2.5    0.00 0.000500  1670M0  -1000.0 1000.0 -3083.84 0.117000    0.000    0.000    0.000 1042.132 4.912 652
Element:    1053  0.200    2.5    0.00 0.000500  1686M0  -1000.0 1000.0 -3000.00 0.117000    0.000    0.000    0.000 1046.517 4.933 653
Element:    1054  0.200    2.5    0.00 0.000500  1671M0  -1000.0 1000.0 -3000.00 0.117000    0.000    0.000    0.000 1050.902 4.958 654
Element:    1055  0.200    2.5    0.00 0.000500  1687M0  -1000.0 1000.0 -3093.84 0.117000    0.000    0.000    0.000 1055.287 4.979 655
##
## G 256 - 287  Section QR
##
Element:    1056  0.200    2.5    0.00 0.000500  1688M0  -1000.0 1000.0 -3076.03 0.117000    0.000    0.000    0.000 1059.672 5.001 656
Element:    1057  0.200    2.5    0.00 0.000500  1704M0  -1000.0 1000.0 -3081.78 0.117000    0.000    0.000    0.000 1064.057 5.025 657
Element:    1058  0.200    2.5    0.00 0.000500  1689M0  -1000.0 1000.0 -3075.81 0.117000    0.000    0.000    0.000 1068.442 5.047 658
Element:    1059  0.200    2.5    0.00 0.000500  1705M0  -1000.0 1000.0 -3074.71 0.117000    0.000    0.000    0.000 1072.826 5.069 659
Element:    1060  0.200    2.5    0.00 0.000500  1690M0  -1000.0 1000.0 -3084.69 0.117000    0.000    0.000    0.000 1077.274 4.965 660
Element:    1061  0.200    2.5    0.00 0.000500  1706M0  -1000.0 1000.0 -3088.12 0.117000    0.000    0.000    0.000 1081.595 4.860 661
Element:    1062  0.200    2.5    0.00 0.000500  1691M0  -1000.0 1000.0 -3082.74 0.117000    0.000    0.000    0.000 1085.978 4.883 662
Element:    1063  0.200    2.5    0.00 0.000500  1707M0  -1000.0 1000.0 -3084.36 0.117000    0.000    0.000    0.000 1090.361 4.904 663
Element:    1064  0.200    2.5    0.00 0.000500  1692M0  -1000.0 1000.0 -3371.56 0.117000    0.000    0.000    0.000 1094.745 4.925 664
Element:    1065  0.200    2.5    0.00 0.000500  1708M0  -1000.0 1000.0 -3082.81 0.117000    0.000    0.000    0.000 1099.128 4.949 665
Element:    1066  0.200    2.5    0.00 0.000500  1693M0  -1000.0 1000.0 -3078.03 0.117000    0.000    0.000    0.000 1103.509 4.969 666
Element:    1067  0.200    2.5    0.00 0.000500  1709M0  -1000.0 1000.0 -3088.39 0.117000    0.000    0.000    0.000 1107.890 4.991 667
Element:    1068  0.200    2.5    0.00 0.000500  1694M0  -1000.0 1000.0 -3090.77 0.117000    0.000    0.000    0.000 1112.271 5.013 668
Element:    1069  0.200    2.5    0.00 0.000500  1710M0  -1000.0 1000.0 -3091.78 0.117000    0.000    0.000    0.000 1116.651 5.034 669
Element:    1070  0.200    2.5    0.00 0.000500  1695M0  -1000.0 1000.0 -3092.66 0.117000    0.000    0.000    0.000 1121.029 5.056 670
Element:    1071  0.200    2.5    0.00 0.000500  1711M0  -1000.0 1000.0 -3087.10 0.117000    0.000    0.000    0.000 1125.407 5.077 671
Element:    1072  0.200    2.5    0.00 0.000500  1696M0  -1000.0 1000.0 -3079.10 0.117000    0.000    0.000    0.000 1129.839 4.990 672
Element:    1073  0.200    2.5    0.00 0.000500  1712M0  -1000.0 1000.0 -3081.44 0.117000    0.000    0.000    0.000 1134.162 4.905 673
Element:    1074  0.200    2.5    0.00 0.000500  1697M0  -1000.0 1000.0 -3079.66 0.117000    0.000    0.000    0.000 1138.537 4.925 674
Element:    1075  0.200    2.5    0.00 0.000500  1713M0  -1000.0 1000.0 -3079.17 0.117000    0.000    0.000    0.000 1142.911 4.945 675
Element:    1076  0.200    2.5    0.00 0.000500  1698M0  -1000.0 1000.0 -3085.23 0.117000    0.000    0.000    0.000 1147.284 4.966 676
Element:    1077  0.200    2.5    0.00 0.000500  1714M0  -1000.0 1000.0 -3141.10 0.117000    0.000    0.000    0.000 1151.656 4.989 677
Element:    1078  0.200    2.5    0.00 0.000500  1699M0  -1000.0 1000.0 -3074.85 0.117000    0.000    0.000    0.000 1156.026 5.009 678
Element:    1079  0.200    2.5    0.00 0.000500  1715M0  -1000.0 1000.0 -3079.51 0.117000    0.000    0.000    0.000 1160.396 5.029 679
Element:    1080  0.200    2.5    0.00 0.000500  1700M0  -1000.0 1000.0 -3093.97 0.117000    0.000    0.000    0.000 1164.765 5.050 680
Element:    1081  0.200    2.5    0.00 0.000500  1716M0  -1000.0 1000.0 -3084.24 0.117000    0.000    0.000    0.000 1169.132 5.072 681
Element:    1082  0.200    2.5    0.00 0.000500  1701M0  -1000.0 1000.0 -3083.41 0.117000    0.000    0.000    0.000 1173.497 5.092 682
Element:    1083  0.200    2.5    0.00 0.000500  1717M0  -1000.0 1000.0 -3080.48 0.117000    0.000    0.000    0.000 1177.862 5.113 683
Element:    1084  0.200    2.5    0.00 0.000500  1702M0  -1000.0 1000.0 -3077.76 0.117000    0.000    0.000    0.000 1182.292 5.001 684
Element:    1085  0.200    2.5    0.00 0.000500  1718M0  -1000.0 1000.0 -3068.52 0.117000    0.000    0.000    0.000 1186.587 4.887 685
Element:    1086  0.200    2.5    0.00 0.000500  1703M0  -1000.0 1000.0 -3072.35 0.117000    0.000    0.000    0.000 1190.947 4.907 686
Element:    1087  0.200    2.5    0.00 0.000500  1719M0  -1000.0 1000.0 -3073.21 0.117000    0.000    0.000    0.000 1195.305 4.928 687
##
## G 288 - 319  Section ST
##
Element:    1088  0.200    2.5    0.00 0.000500  1720M0  -1000.0 1000.0 -3083.93 0.117000    0.000    0.000    0.000 1199.661 4.948 688
Element:    1089  0.200    2.5    0.00 0.000500  1736M0  -1000.0 1000.0 -2920.90 0.117000    0.000    0.000    0.000 1204.016 4.969 689
Element:    1090  0.200    2.5    0.00 0.000500  1721M0  -1000.0 1000.0 -3087.46 0.117000    0.000    0.000    0.000 1208.369 4.987 690
Element:    1091  0.200    2.5    0.00 0.000500  1737M0  -1000.0 1000.0 -3099.33 0.117000    0.000    0.000    0.000 1212.721 5.008 691
Element:    1092  0.200    2.5    0.00 0.000500  1722M0  -1000.0 1000.0 -3093.33 0.117000    0.000    0.000    0.000 1217.070 5.028 692
Element:    1093  0.200    2.5    0.00 0.000500  1738M0  -1000.0 1000.0 -3094.74 0.117000    0.000    0.000    0.000 1221.419 5.047 693
Element:    1094  0.200    2.5    0.00 0.000500  1723M0  -1000.0 1000.0 -3089.37 0.117000    0.000    0.000    0.000 1225.765 5.068 694
Element:    1095  0.200    2.5    0.00 0.000500  1739M0  -1000.0 1000.0 -3094.25 0.117000    0.000    0.000    0.000 1230.108 5.087 695
Element:    1096  0.200    2.5    0.00 0.000500  1724M0  -1000.0 1000.0 -3083.23 0.117000    0.000    0.000    0.000 1234.506 4.994 696
Element:    1097  0.200    2.5    0.00 0.000500  1740M0  -1000.0 1000.0 -3084.77 0.117000    0.000    0.000    0.000 1238.790 4.899 697
Element:    1098  0.200    2.5    0.00 0.000500  1725M0  -1000.0 1000.0 -3081.49 0.117000    0.000    0.000    0.000 1243.128 4.919 698
Element:    1099  0.200    2.5    0.00 0.000500  1741M0  -1000.0 1000.0 -3085.63 0.117000    0.000    0.000    0.000 1247.464 4.938 699
Element:    1100  0.200    2.5    0.00 0.000500  1726M0  -1000.0 1000.0 -3083.80 0.117000    0.000    0.000    0.000 1251.798 4.957 700
Element:    1101  0.200    2.5    0.00 0.000500  1742M0  -1000.0 1000.0 -3079.70 0.117000    0.000    0.000    0.000 1256.129 4.977 701
Element:    1102  0.200    2.5    0.00 0.000500  1727M0  -1000.0 1000.0 -3074.24 0.117000    0.000    0.000    0.000 1260.458 4.995 702
Element:    1103  0.200    2.5    0.00 0.000500  1743M0  -1000.0 1000.0 -3068.39 0.117000    0.000    0.000    0.000 1264.785 5.016 703
Element:    1104  0.200    2.5    0.00 0.000500  1728M0  -1000.0 1000.0 -3074.96 0.117000    0.000    0.000    0.000 1269.110 5.033 704
Element:    1105  0.200    2.5    0.00 0.000500  1744M0  -1000.0 1000.0 -3076.84 0.117000    0.000    0.000    0.000 1273.433 5.054 705
Element:    1106  0.200    2.5    0.00 0.000500  1729M0  -1000.0 1000.0 -3084.35 0.117000    0.000    0.000    0.000 1277.753 5.071 706
Element:    1107  0.200    2.5    0.00 0.000500  1745M0  -1000.0 1000.0 -3076.73 0.117000    0.000    0.000    0.000 1282.071 5.092 707
Element:    1108  0.200    2.5    0.00 0.000500  1730M0  -1000.0 1000.0 -3090.01 0.117000    0.000    0.000    0.000 1286.444 4.992 708
Element:    1109  0.200    2.5    0.00 0.000500  1746M0  -1000.0 1000.0 -3083.03 0.117000    0.000    0.000    0.000 1290.699 4.896 709
Element:    1110  0.200    2.5    0.00 0.000500  1731M0  -1000.0 1000.0 -3090.86 0.117000    0.000    0.000    0.000 1295.009 4.915 710
Element:    1111  0.200    2.5    0.00 0.000500  1747M0  -1000.0 1000.0 -3084.83 0.117000    0.000    0.000    0.000 1299.317 4.933 711
Element:    1112  0.200    2.5    0.00 0.000500  1732M0  -1000.0 1000.0 -3091.53 0.117000    0.000    0.000    0.000 1303.621 4.952 712
Element:    1113  0.200    2.5    0.00 0.000500  1748M0  -1000.0 1000.0 -3071.60 0.117000    0.000    0.000    0.000 1307.924 4.970 713
Element:    1114  0.200    2.5    0.00 0.000500  1733M0  -1000.0 1000.0 -3075.35 0.117000    0.000    0.000    0.000 1312.224 4.988 714
Element:    1115  0.200    2.5    0.00 0.000500  1749M0  -1000.0 1000.0 -3081.09 0.117000    0.000    0.000    0.000 1316.522 5.008 715
Element:    1116  0.200    2.5    0.00 0.000500  1734M0  -1000.0 1000.0 -3075.97 0.117000    0.000    0.000    0.000 1320.816 5.026 716
Element:    1117  0.200    2.5    0.00 0.000500  1750M0  -1000.0 1000.0 -3081.03 0.117000    0.000    0.000    0.000 1325.108 5.042 717
Element:    1118  0.200    2.5    0.00 0.000500  1735M0  -1000.0 1000.0 -3076.06 0.117000    0.000    0.000    0.000 1329.397 5.062 718
Element:    1119  0.200    2.5    0.00 0.000500  1751M0  -1000.0 1000.0 -3066.96 0.117000    0.000    0.000    0.000 1333.684 5.078 719
##
## G 320 - 351  Section UV
##
Element:    1120  0.200    2.5    0.00 0.000500  1752M0  -1000.0 1000.0 -3000.00 0.117000    0.000    0.000    0.000 1337.966 5.098 720
Element:    1121  0.200    2.5    0.00 0.000500  1768M0  -1000.0 1000.0 -3000.00 0.117000    0.000    0.000    0.000 1342.306 4.998 721
Element:    1122  0.200    2.5    0.00 0.000500  1753M0  -1000.0 1000.0 -3000.00 0.117000    0.000    0.000    0.000 1346.523 4.897 722
Element:    1123  0.200    2.5    0.00 0.000500  1769M0  -1000.0 1000.0 -3000.00 0.117000    0.000    0.000    0.000 1350.798 4.915 723
Element:    1124  0.200    2.5    0.00 0.000500  1754M0  -1000.0 1000.0 -3000.00 0.117000    0.000    0.000    0.000 1355.069 4.933 724
Element:    1125  0.200    2.5    0.00 0.000500  1770M0  -1000.0 1000.0 -3000.00 0.117000    0.000    0.000    0.000 1359.338 4.948 725
Element:    1126  0.200    2.5    0.00 0.000500  1755M0  -1000.0 1000.0 -3000.00 0.117000    0.000    0.000    0.000 1363.604 4.967 726
Element:    1127  0.200    2.5    0.00 0.000500  1771M0  -1000.0 1000.0 -3000.00 0.117000    0.000    0.000    0.000 1367.866 4.985 727
Element:    1128  0.200    2.5    0.00 0.000500  1756M0  -1000.0 1000.0 -3000.00 0.117000    0.000    0.000    0.000 1372.125 5.003 728
Element:    1129  0.200    2.5    0.00 0.000500  1772M0  -1000.0 1000.0 -2995.54 0.117000    0.000    0.000    0.000 1376.382 5.019 729
Element:    1130  0.200    2.5    0.00 0.000500  1757M0  -1000.0 1000.0 -2995.54 0.117000    0.000    0.000    0.000 1380.635 5.036 730
Element:    1131  0.200    2.5    0.00 0.000500  1773M0  -1000.0 1000.0 -3000.00 0.117000    0.000    0.000    0.000 1384.885 5.055 731
Element:    1132  0.200    2.5    0.00 0.000500  1758M0  -1000.0 1000.0 -3000.00 0.117000    0.000    0.000    0.000 1389.131 5.071 732
Element:    1133  0.200    2.5    0.00 0.000500  1774M0  -1000.0 1000.0 -3000.00 0.117000    0.000    0.000    0.000 1393.375 5.089 733
Element:    1134  0.200    2.5    0.00 0.000500  1759M0  -1000.0 1000.0 -3000.00 0.117000    0.000    0.000    0.000 1397.675 4.984 734
Element:    1135  0.200    2.5    0.00 0.000500  1775M0  -1000.0 1000.0 -3000.00 0.117000    0.000    0.000    0.000 1401.852 4.880 735
Element:    1136  0.200    2.5    0.00 0.000500  1760M0  -1000.0 1000.0 -3000.00 0.117000    0.000    0.000    0.000 1406.085 4.897 736
Element:    1137  0.200    2.5    0.00 0.000500  1776M0  -1000.0 1000.0 -3000.00 0.117000    0.000    0.000    0.000 1410.315 4.914 737
Element:    1138  0.200    2.5    0.00 0.000500  1761M0  -1000.0 1000.0 -3000.00 0.117000    0.000    0.000    0.000 1414.542 4.931 738
Element:    1139  0.200    2.5    0.00 0.000500  1777M0  -1000.0 1000.0 -3000.00 0.117000    0.000    0.000    0.000 1418.766 4.948 739
Element:    1140  0.200    2.5    0.00 0.000500  1762M0  -1000.0 1000.0 -3000.00 0.117000    0.000    0.000    0.000 1422.985 4.965 740
Element:    1141  0.200    2.5    0.00 0.000500  1778M0  -1000.0 1000.0 -3000.00 0.117000    0.000    0.000    0.000 1427.202 4.981 741
Element:    1142  0.200    2.5    0.00 0.000500  1763M0  -1000.0 1000.0 -3060.55 0.117000    0.000    0.000    0.000 1431.415 4.997 742
Element:    1143  0.200    2.5    0.00 0.000500  1779M0  -1000.0 1000.0 -3000.00 0.117000    0.000    0.000    0.000 1435.625 5.014 743
Element:    1144  0.200    2.5    0.00 0.000500  1764M0  -1000.0 1000.0 -3000.00 0.117000    0.000    0.000    0.000 1439.831 5.030 744
Element:    1145  0.200    2.5    0.00 0.000500  1780M0  -1000.0 1000.0 -3000.00 0.117000    0.000    0.000    0.000 1444.033 5.046 745
Element:    1146  0.200    2.5    0.00 0.000500  1765M0  -1000.0 1000.0 -3000.00 0.117000    0.000    0.000    0.000 1448.232 5.063 746
Element:    1147  0.200    2.5    0.00 0.000500  1781M0  -1000.0 1000.0 -3000.00 0.117000    0.000    0.000    0.000 1452.488 4.955 747
Element:    1148  0.200    2.5    0.00 0.000500  1766M0  -1000.0 1000.0 -3000.00 0.117000    0.000    0.000    0.000 1456.620 4.848 748
Element:    1149  0.200    2.5    0.00 0.000500  1782M0  -1000.0 1000.0 -3000.00 0.117000    0.000    0.000    0.000 1460.808 4.863 749
Element:    1150  0.200    2.5    0.00 0.000500  1767M0  -1000.0 1000.0 -3000.00 0.117000    0.000    0.000    0.000 1464.993 4.881 750
Element:    1151  0.200    2.5    0.00 0.000500  1783M0  -1000.0 1000.0 -3000.00 0.117000    0.000    0.000    0.000 1469.173 4.895 751
Initialise: 
Display: 1D Nhits       32 0 32
Display: 1D NhitsPrompt 32 0 32
Display: 1D NhitsRand   32 0 32
Display: 1D Hits        352 0 352
Display: 1D HitsPrompt  352 0 352
Display: 1D HitsRand    352 0 352
#Display: 1D EnergyOR    200 0 2.5
Display: 1D TimeOR     1000 -250.0 150.0
#Display: 1D Energy 100 0 2.5   0 352
#Display: 1D Time  1000 -250.0 150.0   0 352
#Display: 1D Eelect   352 ugcal_1557.plot.ehist
Display: 1D ScalerCurr 352 0 352
Display: 1D ScalerAcc  352 0 352
Display: 1D Doubles  	352 0 352
Display: 1D NDoubles  	32 0 32
#Display: 2D EnergyOR 100 0 2.5 -1 Hits 352 0 352 -1
#Display: 2D EnergyOR 100 0 2.5 -1 Doubles 352 0 352 -1
Display: 2D TimeOR   200 -250.0 150.0 -1 Hits 352 0 352 -1
Display: 2D TimeOR   200 -250.0 150.0 -1 Doubles 352 0 352 -1


