##  Aligned-TDC AcquRoot Detector file
##  Generated by macro DM_AlignTDC.C, D.M. 06/10/2010
##  Adapdted from the file AlignTDC.C by  J.R.M. Annand
##  Auto-Generated Tagger-Ladder Config File
##  ROOT Macro DM_LadderGen.C D.M. 05/10/2010 
##  Adapdted from the file LadderGen.C by  J.R.M. Annand
##
##	#FP	Energy	Time	Pos
Size: 	352 	0 	1 	1
##	Scalers	Calib	Overlap	Micro	#trig	Toff	Tres
Misc:	1	1	1	0	0.0	5.0	0.0
##
Window: 15. 24. -21. -12.
##Window: 16. 24. -20. -12. 
##
## G 0 - 31  Section AB
##
Element: 816 0.2 2.5 0.0 0.00050 1438M0 -200.0 200.0 -1991 0.1170 0 0 0 60.38 1.12 24
Element: 800 0.2 2.5 0.0 0.00050 1432M0 -200.0 200.0 -1990 0.1170 0 0 0 61.51 1.17 12
Element: 817 0.2 2.5 0.0 0.00050 1454M0 -200.0 200.0 -2002 0.1170 0 0 0 62.68 1.21 25
Element: 801 0.2 2.5 0.0 0.00050 1448M0 -200.0 200.0 -1999 0.1170 0 0 0 63.90 1.26 13
Element: 818 0.2 2.5 0.0 0.00050 1439M0 -200.0 200.0 -1986 0.1170 0 0 0 65.17 1.31 26
Element: 802 0.2 2.5 0.0 0.00050 1433M0 -200.0 200.0 -1987 0.1170 0 0 0 66.49 1.36 14
Element: 819 0.2 2.5 0.0 0.00050 1455M0 -200.0 200.0 -1997 0.1170 0 0 0 67.86 1.41 27
Element: 803 0.2 2.5 0.0 0.00050 1449M0 -200.0 200.0 -2010 0.1170 0 0 0 69.28 1.46 15
Element: 820 0.2 2.5 0.0 0.00050 1440M0 -200.0 200.0 -2002 0.1170 0 0 0 70.75 1.51 28
Element: 804 0.2 2.5 0.0 0.00050 1434M0 -200.0 200.0 -2249 0.1170 0 0 0 72.26 1.56 16
Element: 821 0.2 2.5 0.0 0.00050 1456M0 -200.0 200.0 -1988 0.1170 0 0 0 73.83 1.61 29
Element: 805 0.2 2.5 0.0 0.00050 1450M0 -200.0 200.0 -1997 0.1170 0 0 0 75.43 1.65 17
Element: 822 0.2 2.5 0.0 0.00050 1441M0 -200.0 200.0 -2000 0.1170 0 0 0 77.09 1.69 30
Element: 806 0.2 2.5 0.0 0.00050 1435M0 -200.0 200.0 -1994 0.1170 0 0 0 78.77 1.73 18
Element: 823 0.2 2.5 0.0 0.00050 1457M0 -200.0 200.0 -1972 0.1170 0 0 0 80.50 1.76 31
Element: 807 0.2 2.5 0.0 0.00050 1451M0 -200.0 200.0 -1991 0.1170 0 0 0 82.25 1.79 19
Element: 824 0.2 2.5 0.0 0.00050 1442M0 -200.0 200.0 -2001 0.1170 0 0 0 84.04 1.82 32
Element: 808 0.2 2.5 0.0 0.00050 1436M0 -200.0 200.0 -1995 0.1170 0 0 0 85.84 1.84 20
Element: 825 0.2 2.5 0.0 0.00050 1458M0 -200.0 200.0 -1996 0.1170 0 0 0 87.66 1.85 33
Element: 809 0.2 2.5 0.0 0.00050 1452M0 -200.0 200.0 -1998 0.1170 0 0 0 89.49 1.86 21
Element: 826 0.2 2.5 0.0 0.00050 1443M0 -200.0 200.0 -1991 0.1170 0 0 0 91.33 1.86 34
Element: 810 0.2 2.5 0.0 0.00050 1437M0 -200.0 200.0 -1985 0.1170 0 0 0 93.17 1.86 22
Element: 827 0.2 2.5 0.0 0.00050 1459M0 -200.0 200.0 -1990 0.1170 0 0 0 95.00 1.85 35
Element: 811 0.2 2.5 0.0 0.00050 1453M0 -200.0 200.0 -1990 0.1170 0 0 0 96.82 1.83 23
Element: 828 0.2 2.5 0.0 0.00050 1444M0 -200.0 200.0 -1993 0.1170 0 0 0 98.62 1.81 36
Element: 829 0.2 2.5 0.0 0.00050 1460M0 -200.0 200.0 -1983 0.1170 0 0 0 100.40 1.79 37
Element: 830 0.2 2.5 0.0 0.00050 1445M0 -200.0 200.0 -1987 0.1170 0 0 0 102.14 1.76 38
Element: 831 0.2 2.5 0.0 0.00050 1461M0 -200.0 200.0 -1986 0.1170 0 0 0 103.87 1.73 39
Element: 812 0.2 2.5 0.0 0.00050 1446M0 -200.0 200.0 -1976 0.1170 0 0 0 105.55 1.70 40
Element: 813 0.2 2.5 0.0 0.00050 1462M0 -200.0 200.0 -1992 0.1170 0 0 0 107.21 1.67 41
Element: 814 0.2 2.5 0.0 0.00050 1447M0 -200.0 200.0 -1979 0.1170 0 0 0 108.85 1.65 42
Element: 815 0.2 2.5 0.0 0.00050 1463M0 -200.0 200.0 -1983 0.1170 0 0 0 110.46 1.62 43
##
## G 32 - 63  Section CD
##
Element: 832 0.2 2.5 0.0 0.00050 1464M0 -200.0 200.0 -2000 0.1170 0 0 0 112.03 1.63 44
Element: 833 0.2 2.5 0.0 0.00050 1480M0 -200.0 200.0 -1997 0.1170 0 0 0 113.62 1.66 45
Element: 834 0.2 2.5 0.0 0.00050 1465M0 -200.0 200.0 -1997 0.1170 0 0 0 115.19 1.68 46
Element: 835 0.2 2.5 0.0 0.00050 1481M0 -200.0 200.0 -1996 0.1170 0 0 0 116.77 1.69 47
Element: 836 0.2 2.5 0.0 0.00050 1466M0 -200.0 200.0 -1997 0.1170 0 0 0 118.36 1.70 48
Element: 837 0.2 2.5 0.0 0.00050 1482M0 -200.0 200.0 -2003 0.1170 0 0 0 119.96 1.71 49
Element: 838 0.2 2.5 0.0 0.00050 1467M0 -200.0 200.0 -1991 0.1170 0 0 0 121.60 1.68 50
Element: 839 0.2 2.5 0.0 0.00050 1483M0 -200.0 200.0 -1986 0.1170 0 0 0 123.19 1.66 51
Element: 840 0.2 2.5 0.0 0.00050 1468M0 -200.0 200.0 -1987 0.1170 0 0 0 124.81 1.67 52
Element: 841 0.2 2.5 0.0 0.00050 1484M0 -200.0 200.0 -1986 0.1170 0 0 0 126.44 1.69 53
Element: 842 0.2 2.5 0.0 0.00050 1469M0 -200.0 200.0 -1988 0.1170 0 0 0 128.08 1.70 54
Element: 843 0.2 2.5 0.0 0.00050 1485M0 -200.0 200.0 -1993 0.1170 0 0 0 129.72 1.72 55
Element: 844 0.2 2.5 0.0 0.00050 1470M0 -200.0 200.0 -1986 0.1170 0 0 0 131.37 1.74 56
Element: 845 0.2 2.5 0.0 0.00050 1486M0 -200.0 200.0 -1994 0.1170 0 0 0 133.02 1.75 57
Element: 846 0.2 2.5 0.0 0.00050 1471M0 -200.0 200.0 -1986 0.1170 0 0 0 134.68 1.77 58
Element: 847 0.2 2.5 0.0 0.00050 1487M0 -200.0 200.0 -2003 0.1170 0 0 0 136.35 1.78 59
Element: 848 0.2 2.5 0.0 0.00050 1472M0 -200.0 200.0 -1988 0.1170 0 0 0 138.04 1.75 60
Element: 849 0.2 2.5 0.0 0.00050 1488M0 -200.0 200.0 -1979 0.1170 0 0 0 139.70 1.73 61
Element: 850 0.2 2.5 0.0 0.00050 1473M0 -200.0 200.0 -1998 0.1170 0 0 0 141.38 1.74 62
Element: 851 0.2 2.5 0.0 0.00050 1489M0 -200.0 200.0 -1989 0.1170 0 0 0 143.08 1.76 63
Element: 852 0.2 2.5 0.0 0.00050 1474M0 -200.0 200.0 -1997 0.1170 0 0 0 144.77 1.78 64
Element: 853 0.2 2.5 0.0 0.00050 1490M0 -200.0 200.0 -1977 0.1170 0 0 0 146.48 1.79 65
Element: 854 0.2 2.5 0.0 0.00050 1475M0 -200.0 200.0 -1993 0.1170 0 0 0 148.19 1.81 66
Element: 855 0.2 2.5 0.0 0.00050 1491M0 -200.0 200.0 -1995 0.1170 0 0 0 149.91 1.82 67
Element: 856 0.2 2.5 0.0 0.00050 1476M0 -200.0 200.0 -1970 0.1170 0 0 0 151.65 1.80 68
Element: 857 0.2 2.5 0.0 0.00050 1492M0 -200.0 200.0 -1986 0.1170 0 0 0 153.37 1.78 69
Element: 858 0.2 2.5 0.0 0.00050 1477M0 -200.0 200.0 -1990 0.1170 0 0 0 155.10 1.80 70
Element: 859 0.2 2.5 0.0 0.00050 1493M0 -200.0 200.0 -1983 0.1170 0 0 0 156.85 1.81 71
Element: 860 0.2 2.5 0.0 0.00050 1478M0 -200.0 200.0 -1980 0.1170 0 0 0 158.60 1.83 72
Element: 861 0.2 2.5 0.0 0.00050 1494M0 -200.0 200.0 -1982 0.1170 0 0 0 160.36 1.84 73
Element: 862 0.2 2.5 0.0 0.00050 1479M0 -200.0 200.0 -1980 0.1170 0 0 0 162.12 1.86 74
Element: 863 0.2 2.5 0.0 0.00050 1495M0 -200.0 200.0 -1969 0.1170 0 0 0 163.89 1.88 75
##
## G 64 - 95  Section EF
##
Element: 864 0.2 2.5 0.0 0.00050 1496M0 -200.0 200.0 -1985 0.1170 0 0 0 165.67 1.90 76
Element: 865 0.2 2.5 0.0 0.00050 1512M0 -200.0 200.0 -1981 0.1170 0 0 0 167.46 1.91 77
Element: 866 0.2 2.5 0.0 0.00050 1497M0 -200.0 200.0 -1977 0.1170 0 0 0 169.25 1.93 78
Element: 867 0.2 2.5 0.0 0.00050 1513M0 -200.0 200.0 -2000 0.1170 0 0 0 171.07 1.90 79
Element: 868 0.2 2.5 0.0 0.00050 1498M0 -200.0 200.0 -2000 0.1170 0 0 0 172.85 1.87 80
Element: 869 0.2 2.5 0.0 0.00050 1514M0 -200.0 200.0 -1986 0.1170 0 0 0 174.66 1.88 81
Element: 870 0.2 2.5 0.0 0.00050 1499M0 -200.0 200.0 -1979 0.1170 0 0 0 176.48 1.90 82
Element: 871 0.2 2.5 0.0 0.00050 1515M0 -200.0 200.0 -1980 0.1170 0 0 0 178.31 1.92 83
Element: 872 0.2 2.5 0.0 0.00050 1500M0 -200.0 200.0 -1990 0.1170 0 0 0 180.14 1.93 84
Element: 873 0.2 2.5 0.0 0.00050 1516M0 -200.0 200.0 -1983 0.1170 0 0 0 181.98 1.95 85
Element: 874 0.2 2.5 0.0 0.00050 1501M0 -200.0 200.0 -1975 0.1170 0 0 0 183.82 1.97 86
Element: 875 0.2 2.5 0.0 0.00050 1517M0 -200.0 200.0 -1981 0.1170 0 0 0 185.67 1.98 87
Element: 876 0.2 2.5 0.0 0.00050 1502M0 -200.0 200.0 -1973 0.1170 0 0 0 187.55 1.96 88
Element: 877 0.2 2.5 0.0 0.00050 1518M0 -200.0 200.0 -1977 0.1170 0 0 0 189.40 1.94 89
Element: 878 0.2 2.5 0.0 0.00050 1503M0 -200.0 200.0 -1969 0.1170 0 0 0 191.27 1.95 90
Element: 879 0.2 2.5 0.0 0.00050 1519M0 -200.0 200.0 -1981 0.1170 0 0 0 193.15 1.97 91
Element: 880 0.2 2.5 0.0 0.00050 1504M0 -200.0 200.0 -1979 0.1170 0 0 0 195.03 1.99 92
Element: 881 0.2 2.5 0.0 0.00050 1520M0 -200.0 200.0 -1976 0.1170 0 0 0 196.92 2.00 93
Element: 882 0.2 2.5 0.0 0.00050 1505M0 -200.0 200.0 -1976 0.1170 0 0 0 198.82 2.02 94
Element: 883 0.2 2.5 0.0 0.00050 1521M0 -200.0 200.0 -2000 0.1170 0 0 0 200.72 2.03 95
Element: 884 0.2 2.5 0.0 0.00050 1506M0 -200.0 200.0 -2000 0.1170 0 0 0 202.63 2.05 96
Element: 885 0.2 2.5 0.0 0.00050 1522M0 -200.0 200.0 -1977 0.1170 0 0 0 204.57 2.02 97
Element: 886 0.2 2.5 0.0 0.00050 1507M0 -200.0 200.0 -1976 0.1170 0 0 0 206.48 2.00 98
Element: 887 0.2 2.5 0.0 0.00050 1523M0 -200.0 200.0 -1977 0.1170 0 0 0 208.41 2.01 99
Element: 888 0.2 2.5 0.0 0.00050 1508M0 -200.0 200.0 -1979 0.1170 0 0 0 210.34 2.03 100
Element: 889 0.2 2.5 0.0 0.00050 1524M0 -200.0 200.0 -1970 0.1170 0 0 0 212.29 2.05 101
Element: 890 0.2 2.5 0.0 0.00050 1509M0 -200.0 200.0 -1970 0.1170 0 0 0 214.24 2.06 102
Element: 891 0.2 2.5 0.0 0.00050 1525M0 -200.0 200.0 -1975 0.1170 0 0 0 216.19 2.08 103
Element: 892 0.2 2.5 0.0 0.00050 1510M0 -200.0 200.0 -1964 0.1170 0 0 0 218.15 2.10 104
Element: 893 0.2 2.5 0.0 0.00050 1526M0 -200.0 200.0 -1966 0.1170 0 0 0 220.12 2.11 105
Element: 894 0.2 2.5 0.0 0.00050 1511M0 -200.0 200.0 -1969 0.1170 0 0 0 222.12 2.09 106
Element: 895 0.2 2.5 0.0 0.00050 1527M0 -200.0 200.0 -1960 0.1170 0 0 0 224.08 2.07 107
##
## G 96 - 127  Section GH
##
Element: 896 0.2 2.5 0.0 0.00050 1528M0 -200.0 200.0 -1957 0.1170 0 0 0 226.07 2.09 108
Element: 897 0.2 2.5 0.0 0.00050 1544M0 -200.0 200.0 -1967 0.1170 0 0 0 228.06 2.10 109
Element: 898 0.2 2.5 0.0 0.00050 1529M0 -200.0 200.0 -1958 0.1170 0 0 0 230.06 2.12 110
Element: 899 0.2 2.5 0.0 0.00050 1545M0 -200.0 200.0 -1965 0.1170 0 0 0 232.07 2.14 111
Element: 900 0.2 2.5 0.0 0.00050 1530M0 -200.0 200.0 -1969 0.1170 0 0 0 234.08 2.15 112
Element: 901 0.2 2.5 0.0 0.00050 1546M0 -200.0 200.0 -1968 0.1170 0 0 0 236.10 2.17 113
Element: 902 0.2 2.5 0.0 0.00050 1531M0 -200.0 200.0 -1966 0.1170 0 0 0 238.12 2.19 114
Element: 903 0.2 2.5 0.0 0.00050 1547M0 -200.0 200.0 -1964 0.1170 0 0 0 240.17 2.16 115
Element: 904 0.2 2.5 0.0 0.00050 1532M0 -200.0 200.0 -1969 0.1170 0 0 0 242.19 2.13 116
Element: 905 0.2 2.5 0.0 0.00050 1548M0 -200.0 200.0 -1970 0.1170 0 0 0 244.23 2.14 117
Element: 906 0.2 2.5 0.0 0.00050 1533M0 -200.0 200.0 -1973 0.1170 0 0 0 246.28 2.16 118
Element: 907 0.2 2.5 0.0 0.00050 1549M0 -200.0 200.0 -2000 0.1170 0 0 0 248.33 2.17 119
Element: 908 0.2 2.5 0.0 0.00050 1534M0 -200.0 200.0 -2000 0.1170 0 0 0 250.39 2.19 120
Element: 909 0.2 2.5 0.0 0.00050 1550M0 -200.0 200.0 -1960 0.1170 0 0 0 252.46 2.21 121
Element: 910 0.2 2.5 0.0 0.00050 1535M0 -200.0 200.0 -1959 0.1170 0 0 0 254.53 2.23 122
Element: 911 0.2 2.5 0.0 0.00050 1551M0 -200.0 200.0 -2000 0.1170 0 0 0 256.61 2.24 123
Element: 912 0.2 2.5 0.0 0.00050 1536M0 -200.0 200.0 -1964 0.1170 0 0 0 258.69 2.26 124
Element: 913 0.2 2.5 0.0 0.00050 1552M0 -200.0 200.0 -1956 0.1170 0 0 0 260.80 2.23 125
Element: 914 0.2 2.5 0.0 0.00050 1537M0 -200.0 200.0 -1973 0.1170 0 0 0 262.88 2.21 126
Element: 915 0.2 2.5 0.0 0.00050 1553M0 -200.0 200.0 -1960 0.1170 0 0 0 264.98 2.22 127
Element: 916 0.2 2.5 0.0 0.00050 1538M0 -200.0 200.0 -1973 0.1170 0 0 0 267.08 2.24 128
Element: 917 0.2 2.5 0.0 0.00050 1554M0 -200.0 200.0 -1964 0.1170 0 0 0 269.20 2.26 129
Element: 918 0.2 2.5 0.0 0.00050 1539M0 -200.0 200.0 -2000 0.1170 0 0 0 271.31 2.27 130
Element: 919 0.2 2.5 0.0 0.00050 1555M0 -200.0 200.0 -1963 0.1170 0 0 0 273.44 2.29 131
Element: 920 0.2 2.5 0.0 0.00050 1540M0 -200.0 200.0 -1969 0.1170 0 0 0 275.57 2.31 132
Element: 921 0.2 2.5 0.0 0.00050 1556M0 -200.0 200.0 -1962 0.1170 0 0 0 277.70 2.32 133
Element: 922 0.2 2.5 0.0 0.00050 1541M0 -200.0 200.0 -1965 0.1170 0 0 0 279.84 2.34 134
Element: 923 0.2 2.5 0.0 0.00050 1557M0 -200.0 200.0 -1958 0.1170 0 0 0 282.01 2.30 135
Element: 924 0.2 2.5 0.0 0.00050 1542M0 -200.0 200.0 -1954 0.1170 0 0 0 284.14 2.27 136
Element: 925 0.2 2.5 0.0 0.00050 1558M0 -200.0 200.0 -1963 0.1170 0 0 0 286.29 2.28 137
Element: 926 0.2 2.5 0.0 0.00050 1543M0 -200.0 200.0 -1970 0.1170 0 0 0 288.45 2.30 138
Element: 927 0.2 2.5 0.0 0.00050 1559M0 -200.0 200.0 -1951 0.1170 0 0 0 290.62 2.32 139
##
## G 128 - 159  Section IJ
##
Element: 928 0.2 2.5 0.0 0.00050 1560M0 -200.0 200.0 -1945 0.1170 0 0 0 292.79 2.33 140
Element: 929 0.2 2.5 0.0 0.00050 1576M0 -200.0 200.0 -1948 0.1170 0 0 0 294.97 2.35 141
Element: 930 0.2 2.5 0.0 0.00050 1561M0 -200.0 200.0 -1945 0.1170 0 0 0 297.15 2.37 142
Element: 931 0.2 2.5 0.0 0.00050 1577M0 -200.0 200.0 -1948 0.1170 0 0 0 299.34 2.38 143
Element: 932 0.2 2.5 0.0 0.00050 1562M0 -200.0 200.0 -1947 0.1170 0 0 0 301.53 2.40 144
Element: 933 0.2 2.5 0.0 0.00050 1578M0 -200.0 200.0 -1951 0.1170 0 0 0 303.75 2.36 145
Element: 934 0.2 2.5 0.0 0.00050 1563M0 -200.0 200.0 -1957 0.1170 0 0 0 305.93 2.32 146
Element: 935 0.2 2.5 0.0 0.00050 1579M0 -200.0 200.0 -1949 0.1170 0 0 0 308.13 2.34 147
Element: 936 0.2 2.5 0.0 0.00050 1564M0 -200.0 200.0 -1968 0.1170 0 0 0 310.35 2.36 148
Element: 937 0.2 2.5 0.0 0.00050 1580M0 -200.0 200.0 -2000 0.1170 0 0 0 312.56 2.37 149
Element: 938 0.2 2.5 0.0 0.00050 1565M0 -200.0 200.0 -2000 0.1170 0 0 0 314.78 2.39 150
Element: 939 0.2 2.5 0.0 0.00050 1581M0 -200.0 200.0 -1959 0.1170 0 0 0 317.01 2.40 151
Element: 940 0.2 2.5 0.0 0.00050 1566M0 -200.0 200.0 -1954 0.1170 0 0 0 319.24 2.42 152
Element: 941 0.2 2.5 0.0 0.00050 1582M0 -200.0 200.0 -1966 0.1170 0 0 0 321.48 2.44 153
Element: 942 0.2 2.5 0.0 0.00050 1567M0 -200.0 200.0 -1951 0.1170 0 0 0 323.72 2.45 154
Element: 943 0.2 2.5 0.0 0.00050 1583M0 -200.0 200.0 -1959 0.1170 0 0 0 325.96 2.47 155
Element: 944 0.2 2.5 0.0 0.00050 1568M0 -200.0 200.0 -1962 0.1170 0 0 0 328.25 2.43 156
Element: 945 0.2 2.5 0.0 0.00050 1584M0 -200.0 200.0 -1955 0.1170 0 0 0 330.50 2.39 157
Element: 946 0.2 2.5 0.0 0.00050 1569M0 -200.0 200.0 -1957 0.1170 0 0 0 332.77 2.41 158
Element: 947 0.2 2.5 0.0 0.00050 1585M0 -200.0 200.0 -1949 0.1170 0 0 0 335.05 2.42 159
Element: 948 0.2 2.5 0.0 0.00050 1570M0 -200.0 200.0 -1962 0.1170 0 0 0 337.33 2.44 160
Element: 949 0.2 2.5 0.0 0.00050 1586M0 -200.0 200.0 -1954 0.1170 0 0 0 339.62 2.45 161
Element: 950 0.2 2.5 0.0 0.00050 1571M0 -200.0 200.0 -1960 0.1170 0 0 0 341.91 2.47 162
Element: 951 0.2 2.5 0.0 0.00050 1587M0 -200.0 200.0 -1959 0.1170 0 0 0 344.21 2.48 163
Element: 952 0.2 2.5 0.0 0.00050 1572M0 -200.0 200.0 -1963 0.1170 0 0 0 346.51 2.50 164
Element: 953 0.2 2.5 0.0 0.00050 1588M0 -200.0 200.0 -1951 0.1170 0 0 0 348.81 2.52 165
Element: 954 0.2 2.5 0.0 0.00050 1573M0 -200.0 200.0 -1953 0.1170 0 0 0 351.12 2.53 166
Element: 955 0.2 2.5 0.0 0.00050 1589M0 -200.0 200.0 -1949 0.1170 0 0 0 353.47 2.49 167
Element: 956 0.2 2.5 0.0 0.00050 1574M0 -200.0 200.0 -1949 0.1170 0 0 0 355.75 2.45 168
Element: 957 0.2 2.5 0.0 0.00050 1590M0 -200.0 200.0 -1945 0.1170 0 0 0 358.07 2.46 169
Element: 958 0.2 2.5 0.0 0.00050 1575M0 -200.0 200.0 -1950 0.1170 0 0 0 360.40 2.48 170
Element: 959 0.2 2.5 0.0 0.00050 1591M0 -200.0 200.0 -1943 0.1170 0 0 0 362.73 2.49 171
##
## G 160 - 191  Section KL
##
Element: 960 0.2 2.5 0.0 0.00050 1592M0 -200.0 200.0 -1936 0.1170 0 0 0 365.06 2.51 172
Element: 961 0.2 2.5 0.0 0.00050 1608M0 -200.0 200.0 -1947 0.1170 0 0 0 367.40 2.52 173
Element: 962 0.2 2.5 0.0 0.00050 1593M0 -200.0 200.0 -1947 0.1170 0 0 0 369.74 2.54 174
Element: 963 0.2 2.5 0.0 0.00050 1609M0 -200.0 200.0 -1948 0.1170 0 0 0 372.08 2.56 175
Element: 964 0.2 2.5 0.0 0.00050 1594M0 -200.0 200.0 -1939 0.1170 0 0 0 374.43 2.57 176
Element: 965 0.2 2.5 0.0 0.00050 1610M0 -200.0 200.0 -1948 0.1170 0 0 0 376.78 2.59 177
Element: 966 0.2 2.5 0.0 0.00050 1595M0 -200.0 200.0 -1952 0.1170 0 0 0 379.17 2.54 178
Element: 967 0.2 2.5 0.0 0.00050 1611M0 -200.0 200.0 -1950 0.1170 0 0 0 381.50 2.50 179
Element: 968 0.2 2.5 0.0 0.00050 1596M0 -200.0 200.0 -1947 0.1170 0 0 0 383.86 2.51 180
Element: 969 0.2 2.5 0.0 0.00050 1612M0 -200.0 200.0 -1957 0.1170 0 0 0 386.23 2.53 181
Element: 970 0.2 2.5 0.0 0.00050 1597M0 -200.0 200.0 -1937 0.1170 0 0 0 388.60 2.54 182
Element: 971 0.2 2.5 0.0 0.00050 1613M0 -200.0 200.0 -1950 0.1170 0 0 0 390.97 2.56 183
Element: 972 0.2 2.5 0.0 0.00050 1598M0 -200.0 200.0 -1941 0.1170 0 0 0 393.35 2.57 184
Element: 973 0.2 2.5 0.0 0.00050 1614M0 -200.0 200.0 -1945 0.1170 0 0 0 395.73 2.59 185
Element: 974 0.2 2.5 0.0 0.00050 1599M0 -200.0 200.0 -1935 0.1170 0 0 0 398.11 2.60 186
Element: 975 0.2 2.5 0.0 0.00050 1615M0 -200.0 200.0 -1947 0.1170 0 0 0 400.50 2.62 187
Element: 976 0.2 2.5 0.0 0.00050 1600M0 -200.0 200.0 -1937 0.1170 0 0 0 402.89 2.63 188
Element: 977 0.2 2.5 0.0 0.00050 1616M0 -200.0 200.0 -1934 0.1170 0 0 0 405.31 2.60 189
Element: 978 0.2 2.5 0.0 0.00050 1601M0 -200.0 200.0 -1948 0.1170 0 0 0 407.67 2.55 190
Element: 979 0.2 2.5 0.0 0.00050 1617M0 -200.0 200.0 -1936 0.1170 0 0 0 410.07 2.57 191
Element: 980 0.2 2.5 0.0 0.00050 1602M0 -200.0 200.0 -2000 0.1170 0 0 0 412.48 2.58 192
Element: 981 0.2 2.5 0.0 0.00050 1618M0 -200.0 200.0 -1940 0.1170 0 0 0 414.88 2.60 193
Element: 982 0.2 2.5 0.0 0.00050 1603M0 -200.0 200.0 -1937 0.1170 0 0 0 417.29 2.62 194
Element: 983 0.2 2.5 0.0 0.00050 1619M0 -200.0 200.0 -2000 0.1170 0 0 0 419.70 2.63 195
Element: 984 0.2 2.5 0.0 0.00050 1604M0 -200.0 200.0 -1941 0.1170 0 0 0 422.11 2.65 196
Element: 985 0.2 2.5 0.0 0.00050 1620M0 -200.0 200.0 -1957 0.1170 0 0 0 424.53 2.66 197
Element: 986 0.2 2.5 0.0 0.00050 1605M0 -200.0 200.0 -1934 0.1170 0 0 0 426.95 2.68 198
Element: 987 0.2 2.5 0.0 0.00050 1621M0 -200.0 200.0 -2000 0.1170 0 0 0 429.37 2.69 199
Element: 988 0.2 2.5 0.0 0.00050 1606M0 -200.0 200.0 -1927 0.1170 0 0 0 431.83 2.64 200
Element: 989 0.2 2.5 0.0 0.00050 1622M0 -200.0 200.0 -1928 0.1170 0 0 0 434.22 2.59 201
Element: 990 0.2 2.5 0.0 0.00050 1607M0 -200.0 200.0 -1942 0.1170 0 0 0 436.65 2.60 202
Element: 991 0.2 2.5 0.0 0.00050 1623M0 -200.0 200.0 -1933 0.1170 0 0 0 439.08 2.62 203
##
## G 192 - 223  Section MN
##
Element: 992 0.2 2.5 0.0 0.00050 1624M0 -200.0 200.0 -2000 0.1170 0 0 0 441.52 2.63 204
Element: 993 0.2 2.5 0.0 0.00050 1640M0 -200.0 200.0 -1938 0.1170 0 0 0 443.96 2.65 205
Element: 994 0.2 2.5 0.0 0.00050 1625M0 -200.0 200.0 -1931 0.1170 0 0 0 446.40 2.66 206
Element: 995 0.2 2.5 0.0 0.00050 1641M0 -200.0 200.0 -1939 0.1170 0 0 0 448.84 2.68 207
Element: 996 0.2 2.5 0.0 0.00050 1626M0 -200.0 200.0 -1950 0.1170 0 0 0 451.28 2.69 208
Element: 997 0.2 2.5 0.0 0.00050 1642M0 -200.0 200.0 -1944 0.1170 0 0 0 453.73 2.71 209
Element: 998 0.2 2.5 0.0 0.00050 1627M0 -200.0 200.0 -1941 0.1170 0 0 0 456.18 2.72 210
Element: 999 0.2 2.5 0.0 0.00050 1643M0 -200.0 200.0 -1941 0.1170 0 0 0 458.63 2.74 211
Element: 1000 0.2 2.5 0.0 0.00050 1628M0 -200.0 200.0 -1934 0.1170 0 0 0 461.11 2.69 212
Element: 1001 0.2 2.5 0.0 0.00050 1644M0 -200.0 200.0 -1944 0.1170 0 0 0 463.54 2.64 213
Element: 1002 0.2 2.5 0.0 0.00050 1629M0 -200.0 200.0 -1929 0.1170 0 0 0 466.00 2.66 214
Element: 1003 0.2 2.5 0.0 0.00050 1645M0 -200.0 200.0 -1935 0.1170 0 0 0 468.46 2.67 215
Element: 1004 0.2 2.5 0.0 0.00050 1630M0 -200.0 200.0 -1927 0.1170 0 0 0 470.92 2.69 216
Element: 1005 0.2 2.5 0.0 0.00050 1646M0 -200.0 200.0 -1936 0.1170 0 0 0 473.38 2.70 217
Element: 1006 0.2 2.5 0.0 0.00050 1631M0 -200.0 200.0 -1937 0.1170 0 0 0 475.85 2.72 218
Element: 1007 0.2 2.5 0.0 0.00050 1647M0 -200.0 200.0 -1939 0.1170 0 0 0 478.32 2.73 219
Element: 1008 0.2 2.5 0.0 0.00050 1632M0 -200.0 200.0 -1938 0.1170 0 0 0 480.79 2.75 220
Element: 1009 0.2 2.5 0.0 0.00050 1648M0 -200.0 200.0 -1929 0.1170 0 0 0 483.26 2.76 221
Element: 1010 0.2 2.5 0.0 0.00050 1633M0 -200.0 200.0 -1938 0.1170 0 0 0 485.73 2.78 222
Element: 1011 0.2 2.5 0.0 0.00050 1649M0 -200.0 200.0 -1922 0.1170 0 0 0 488.20 2.79 223
Element: 1012 0.2 2.5 0.0 0.00050 1634M0 -200.0 200.0 -1940 0.1170 0 0 0 490.72 2.73 224
Element: 1013 0.2 2.5 0.0 0.00050 1650M0 -200.0 200.0 -1933 0.1170 0 0 0 493.16 2.67 225
Element: 1014 0.2 2.5 0.0 0.00050 1635M0 -200.0 200.0 -1938 0.1170 0 0 0 495.64 2.69 226
Element: 1015 0.2 2.5 0.0 0.00050 1651M0 -200.0 200.0 -1928 0.1170 0 0 0 498.12 2.70 227
Element: 1016 0.2 2.5 0.0 0.00050 1636M0 -200.0 200.0 -1939 0.1170 0 0 0 500.60 2.71 228
Element: 1017 0.2 2.5 0.0 0.00050 1652M0 -200.0 200.0 -1921 0.1170 0 0 0 503.09 2.73 229
Element: 1018 0.2 2.5 0.0 0.00050 1637M0 -200.0 200.0 -1929 0.1170 0 0 0 505.57 2.74 230
Element: 1019 0.2 2.5 0.0 0.00050 1653M0 -200.0 200.0 -1928 0.1170 0 0 0 508.06 2.76 231
Element: 1020 0.2 2.5 0.0 0.00050 1638M0 -200.0 200.0 -1917 0.1170 0 0 0 510.55 2.77 232
Element: 1021 0.2 2.5 0.0 0.00050 1654M0 -200.0 200.0 -1923 0.1170 0 0 0 513.04 2.78 233
Element: 1022 0.2 2.5 0.0 0.00050 1639M0 -200.0 200.0 -1926 0.1170 0 0 0 515.53 2.80 234
Element: 1023 0.2 2.5 0.0 0.00050 1655M0 -200.0 200.0 -1921 0.1170 0 0 0 518.02 2.81 235
##
## G 224 - 255  Section OP
##
Element: 1024 0.2 2.5 0.0 0.00050 1656M0 -200.0 200.0 -1921 0.1170 0 0 0 520.55 2.75 236
Element: 1025 0.2 2.5 0.0 0.00050 1672M0 -200.0 200.0 -1924 0.1170 0 0 0 523.01 2.69 237
Element: 1026 0.2 2.5 0.0 0.00050 1657M0 -200.0 200.0 -1924 0.1170 0 0 0 525.50 2.70 238
Element: 1027 0.2 2.5 0.0 0.00050 1673M0 -200.0 200.0 -1926 0.1170 0 0 0 528.00 2.72 239
Element: 1028 0.2 2.5 0.0 0.00050 1658M0 -200.0 200.0 -1924 0.1170 0 0 0 530.50 2.73 240
Element: 1029 0.2 2.5 0.0 0.00050 1674M0 -200.0 200.0 -1930 0.1170 0 0 0 533.00 2.74 241
Element: 1030 0.2 2.5 0.0 0.00050 1659M0 -200.0 200.0 -1930 0.1170 0 0 0 535.50 2.76 242
Element: 1031 0.2 2.5 0.0 0.00050 1675M0 -200.0 200.0 -1929 0.1170 0 0 0 538.00 2.77 243
Element: 1032 0.2 2.5 0.0 0.00050 1660M0 -200.0 200.0 -1925 0.1170 0 0 0 540.50 2.79 244
Element: 1033 0.2 2.5 0.0 0.00050 1676M0 -200.0 200.0 -1926 0.1170 0 0 0 543.00 2.80 245
Element: 1034 0.2 2.5 0.0 0.00050 1661M0 -200.0 200.0 -1921 0.1170 0 0 0 545.50 2.81 246
Element: 1035 0.2 2.5 0.0 0.00050 1677M0 -200.0 200.0 -2000 0.1170 0 0 0 548.01 2.83 247
Element: 1036 0.2 2.5 0.0 0.00050 1662M0 -200.0 200.0 -2000 0.1170 0 0 0 550.55 2.77 248
Element: 1037 0.2 2.5 0.0 0.00050 1678M0 -200.0 200.0 -1924 0.1170 0 0 0 553.02 2.72 249
Element: 1038 0.2 2.5 0.0 0.00050 1663M0 -200.0 200.0 -1923 0.1170 0 0 0 555.52 2.73 250
Element: 1039 0.2 2.5 0.0 0.00050 1679M0 -200.0 200.0 -1930 0.1170 0 0 0 558.03 2.75 251
Element: 1040 0.2 2.5 0.0 0.00050 1664M0 -200.0 200.0 -1926 0.1170 0 0 0 560.54 2.76 252
Element: 1041 0.2 2.5 0.0 0.00050 1680M0 -200.0 200.0 -1921 0.1170 0 0 0 563.05 2.77 253
Element: 1042 0.2 2.5 0.0 0.00050 1665M0 -200.0 200.0 -1931 0.1170 0 0 0 565.56 2.78 254
Element: 1043 0.2 2.5 0.0 0.00050 1681M0 -200.0 200.0 -1925 0.1170 0 0 0 568.07 2.80 255
Element: 1044 0.2 2.5 0.0 0.00050 1666M0 -200.0 200.0 -1941 0.1170 0 0 0 570.58 2.81 256
Element: 1045 0.2 2.5 0.0 0.00050 1682M0 -200.0 200.0 -1931 0.1170 0 0 0 573.09 2.82 257
Element: 1046 0.2 2.5 0.0 0.00050 1667M0 -200.0 200.0 -1924 0.1170 0 0 0 575.64 2.84 258
Element: 1047 0.2 2.5 0.0 0.00050 1683M0 -200.0 200.0 -1928 0.1170 0 0 0 578.18 2.85 259
Element: 1048 0.2 2.5 0.0 0.00050 1668M0 -200.0 200.0 -1931 0.1170 0 0 0 580.75 2.79 260
Element: 1049 0.2 2.5 0.0 0.00050 1684M0 -200.0 200.0 -1921 0.1170 0 0 0 583.26 2.74 261
Element: 1050 0.2 2.5 0.0 0.00050 1669M0 -200.0 200.0 -1929 0.1170 0 0 0 585.80 2.75 262
Element: 1051 0.2 2.5 0.0 0.00050 1685M0 -200.0 200.0 -1925 0.1170 0 0 0 588.34 2.76 263
Element: 1052 0.2 2.5 0.0 0.00050 1670M0 -200.0 200.0 -1921 0.1170 0 0 0 590.88 2.78 264
Element: 1053 0.2 2.5 0.0 0.00050 1686M0 -200.0 200.0 -1921 0.1170 0 0 0 593.42 2.79 265
Element: 1054 0.2 2.5 0.0 0.00050 1671M0 -200.0 200.0 -1920 0.1170 0 0 0 595.96 2.80 266
Element: 1055 0.2 2.5 0.0 0.00050 1687M0 -200.0 200.0 -1919 0.1170 0 0 0 598.51 2.81 267
##
## G 256 - 287  Section QR
##
Element: 1056 0.2 2.5 0.0 0.00050 1688M0 -200.0 200.0 -1897 0.1170 0 0 0 601.05 2.83 268
Element: 1057 0.2 2.5 0.0 0.00050 1704M0 -200.0 200.0 -1904 0.1170 0 0 0 603.59 2.84 269
Element: 1058 0.2 2.5 0.0 0.00050 1689M0 -200.0 200.0 -1900 0.1170 0 0 0 606.13 2.85 270
Element: 1059 0.2 2.5 0.0 0.00050 1705M0 -200.0 200.0 -1906 0.1170 0 0 0 608.67 2.87 271
Element: 1060 0.2 2.5 0.0 0.00050 1690M0 -200.0 200.0 -1908 0.1170 0 0 0 611.25 2.81 272
Element: 1061 0.2 2.5 0.0 0.00050 1706M0 -200.0 200.0 -1914 0.1170 0 0 0 613.76 2.75 273
Element: 1062 0.2 2.5 0.0 0.00050 1691M0 -200.0 200.0 -1914 0.1170 0 0 0 616.30 2.76 274
Element: 1063 0.2 2.5 0.0 0.00050 1707M0 -200.0 200.0 -1916 0.1170 0 0 0 618.84 2.77 275
Element: 1064 0.2 2.5 0.0 0.00050 1692M0 -200.0 200.0 -2000 0.1170 0 0 0 621.38 2.78 276
Element: 1065 0.2 2.5 0.0 0.00050 1708M0 -200.0 200.0 -1914 0.1170 0 0 0 623.92 2.80 277
Element: 1066 0.2 2.5 0.0 0.00050 1693M0 -200.0 200.0 -1901 0.1170 0 0 0 626.46 2.81 278
Element: 1067 0.2 2.5 0.0 0.00050 1709M0 -200.0 200.0 -1910 0.1170 0 0 0 629.00 2.82 279
Element: 1068 0.2 2.5 0.0 0.00050 1694M0 -200.0 200.0 -1902 0.1170 0 0 0 631.54 2.83 280
Element: 1069 0.2 2.5 0.0 0.00050 1710M0 -200.0 200.0 -1914 0.1170 0 0 0 634.09 2.85 281
Element: 1070 0.2 2.5 0.0 0.00050 1695M0 -200.0 200.0 -1920 0.1170 0 0 0 636.62 2.86 282
Element: 1071 0.2 2.5 0.0 0.00050 1711M0 -200.0 200.0 -1906 0.1170 0 0 0 639.16 2.87 283
Element: 1072 0.2 2.5 0.0 0.00050 1696M0 -200.0 200.0 -1905 0.1170 0 0 0 641.73 2.82 284
Element: 1073 0.2 2.5 0.0 0.00050 1712M0 -200.0 200.0 -1901 0.1170 0 0 0 644.24 2.77 285
Element: 1074 0.2 2.5 0.0 0.00050 1697M0 -200.0 200.0 -1905 0.1170 0 0 0 646.78 2.78 286
Element: 1075 0.2 2.5 0.0 0.00050 1713M0 -200.0 200.0 -1904 0.1170 0 0 0 649.25 2.79 287
Element: 1076 0.2 2.5 0.0 0.00050 1698M0 -200.0 200.0 -1906 0.1170 0 0 0 651.73 2.81 288
Element: 1077 0.2 2.5 0.0 0.00050 1714M0 -200.0 200.0 -1966 0.1170 0 0 0 654.20 2.82 289
Element: 1078 0.2 2.5 0.0 0.00050 1699M0 -200.0 200.0 -1901 0.1170 0 0 0 656.67 2.83 290
Element: 1079 0.2 2.5 0.0 0.00050 1715M0 -200.0 200.0 -1907 0.1170 0 0 0 659.15 2.84 291
Element: 1080 0.2 2.5 0.0 0.00050 1700M0 -200.0 200.0 -1918 0.1170 0 0 0 661.62 2.85 292
Element: 1081 0.2 2.5 0.0 0.00050 1716M0 -200.0 200.0 -1907 0.1170 0 0 0 664.09 2.87 293
Element: 1082 0.2 2.5 0.0 0.00050 1701M0 -200.0 200.0 -1901 0.1170 0 0 0 666.56 2.88 294
Element: 1083 0.2 2.5 0.0 0.00050 1717M0 -200.0 200.0 -1898 0.1170 0 0 0 669.03 2.89 295
Element: 1084 0.2 2.5 0.0 0.00050 1702M0 -200.0 200.0 -1903 0.1170 0 0 0 671.53 2.83 296
Element: 1085 0.2 2.5 0.0 0.00050 1718M0 -200.0 200.0 -1899 0.1170 0 0 0 673.96 2.76 297
Element: 1086 0.2 2.5 0.0 0.00050 1703M0 -200.0 200.0 -1906 0.1170 0 0 0 676.43 2.77 298
Element: 1087 0.2 2.5 0.0 0.00050 1719M0 -200.0 200.0 -1897 0.1170 0 0 0 678.90 2.79 299
##
## G 288 - 319  Section ST
##
Element: 1088 0.2 2.5 0.0 0.00050 1720M0 -200.0 200.0 -1907 0.1170 0 0 0 681.36 2.80 300
Element: 1089 0.2 2.5 0.0 0.00050 1736M0 -200.0 200.0 -1911 0.1170 0 0 0 683.83 2.81 301
Element: 1090 0.2 2.5 0.0 0.00050 1721M0 -200.0 200.0 -1913 0.1170 0 0 0 686.29 2.82 302
Element: 1091 0.2 2.5 0.0 0.00050 1737M0 -200.0 200.0 -1925 0.1170 0 0 0 688.75 2.83 303
Element: 1092 0.2 2.5 0.0 0.00050 1722M0 -200.0 200.0 -1918 0.1170 0 0 0 691.22 2.84 304
Element: 1093 0.2 2.5 0.0 0.00050 1738M0 -200.0 200.0 -1920 0.1170 0 0 0 693.68 2.85 305
Element: 1094 0.2 2.5 0.0 0.00050 1723M0 -200.0 200.0 -1919 0.1170 0 0 0 696.14 2.87 306
Element: 1095 0.2 2.5 0.0 0.00050 1739M0 -200.0 200.0 -1922 0.1170 0 0 0 698.60 2.88 307
Element: 1096 0.2 2.5 0.0 0.00050 1724M0 -200.0 200.0 -1914 0.1170 0 0 0 701.09 2.82 308
Element: 1097 0.2 2.5 0.0 0.00050 1740M0 -200.0 200.0 -1916 0.1170 0 0 0 703.51 2.77 309
Element: 1098 0.2 2.5 0.0 0.00050 1725M0 -200.0 200.0 -1912 0.1170 0 0 0 705.97 2.78 310
Element: 1099 0.2 2.5 0.0 0.00050 1741M0 -200.0 200.0 -1916 0.1170 0 0 0 708.42 2.79 311
Element: 1100 0.2 2.5 0.0 0.00050 1726M0 -200.0 200.0 -1910 0.1170 0 0 0 710.87 2.80 312
Element: 1101 0.2 2.5 0.0 0.00050 1742M0 -200.0 200.0 -1909 0.1170 0 0 0 713.33 2.81 313
Element: 1102 0.2 2.5 0.0 0.00050 1727M0 -200.0 200.0 -1904 0.1170 0 0 0 715.78 2.82 314
Element: 1103 0.2 2.5 0.0 0.00050 1743M0 -200.0 200.0 -1907 0.1170 0 0 0 718.23 2.83 315
Element: 1104 0.2 2.5 0.0 0.00050 1728M0 -200.0 200.0 -1907 0.1170 0 0 0 720.68 2.84 316
Element: 1105 0.2 2.5 0.0 0.00050 1744M0 -200.0 200.0 -1907 0.1170 0 0 0 723.12 2.86 317
Element: 1106 0.2 2.5 0.0 0.00050 1729M0 -200.0 200.0 -1914 0.1170 0 0 0 725.57 2.87 318
Element: 1107 0.2 2.5 0.0 0.00050 1745M0 -200.0 200.0 -1908 0.1170 0 0 0 728.01 2.88 319
Element: 1108 0.2 2.5 0.0 0.00050 1730M0 -200.0 200.0 -1917 0.1170 0 0 0 730.49 2.82 320
Element: 1109 0.2 2.5 0.0 0.00050 1746M0 -200.0 200.0 -1911 0.1170 0 0 0 732.90 2.77 321
Element: 1110 0.2 2.5 0.0 0.00050 1731M0 -200.0 200.0 -1916 0.1170 0 0 0 735.34 2.78 322
Element: 1111 0.2 2.5 0.0 0.00050 1747M0 -200.0 200.0 -1914 0.1170 0 0 0 737.78 2.79 323
Element: 1112 0.2 2.5 0.0 0.00050 1732M0 -200.0 200.0 -1913 0.1170 0 0 0 740.22 2.80 324
Element: 1113 0.2 2.5 0.0 0.00050 1748M0 -200.0 200.0 -1899 0.1170 0 0 0 742.66 2.81 325
Element: 1114 0.2 2.5 0.0 0.00050 1733M0 -200.0 200.0 -1904 0.1170 0 0 0 745.09 2.82 326
Element: 1115 0.2 2.5 0.0 0.00050 1749M0 -200.0 200.0 -1905 0.1170 0 0 0 747.53 2.83 327
Element: 1116 0.2 2.5 0.0 0.00050 1734M0 -200.0 200.0 -1907 0.1170 0 0 0 749.96 2.84 328
Element: 1117 0.2 2.5 0.0 0.00050 1750M0 -200.0 200.0 -1902 0.1170 0 0 0 752.39 2.85 329
Element: 1118 0.2 2.5 0.0 0.00050 1735M0 -200.0 200.0 -1900 0.1170 0 0 0 754.82 2.86 330
Element: 1119 0.2 2.5 0.0 0.00050 1751M0 -200.0 200.0 -1889 0.1170 0 0 0 757.25 2.87 331
##
## G 320 - 351  Section UV
##
Element: 1120 0.2 2.5 0.0 0.00050 1752M0 -200.0 200.0 -2000 0.1170 0 0 0 759.67 2.88 332
Element: 1121 0.2 2.5 0.0 0.00050 1768M0 -200.0 200.0 -2000 0.1170 0 0 0 762.13 2.82 333
Element: 1122 0.2 2.5 0.0 0.00050 1753M0 -200.0 200.0 -2000 0.1170 0 0 0 764.52 2.77 334
Element: 1123 0.2 2.5 0.0 0.00050 1769M0 -200.0 200.0 -2000 0.1170 0 0 0 766.94 2.78 335
Element: 1124 0.2 2.5 0.0 0.00050 1754M0 -200.0 200.0 -2000 0.1170 0 0 0 769.37 2.79 336
Element: 1125 0.2 2.5 0.0 0.00050 1770M0 -200.0 200.0 -2000 0.1170 0 0 0 771.78 2.80 337
Element: 1126 0.2 2.5 0.0 0.00050 1755M0 -200.0 200.0 -2000 0.1170 0 0 0 774.20 2.81 338
Element: 1127 0.2 2.5 0.0 0.00050 1771M0 -200.0 200.0 -2000 0.1170 0 0 0 776.62 2.82 339
Element: 1128 0.2 2.5 0.0 0.00050 1756M0 -200.0 200.0 -2000 0.1170 0 0 0 779.03 2.83 340
Element: 1129 0.2 2.5 0.0 0.00050 1772M0 -200.0 200.0 -2000 0.1170 0 0 0 781.44 2.84 341
Element: 1130 0.2 2.5 0.0 0.00050 1757M0 -200.0 200.0 -2000 0.1170 0 0 0 783.85 2.85 342
Element: 1131 0.2 2.5 0.0 0.00050 1773M0 -200.0 200.0 -2000 0.1170 0 0 0 786.26 2.86 343
Element: 1132 0.2 2.5 0.0 0.00050 1758M0 -200.0 200.0 -2000 0.1170 0 0 0 788.67 2.87 344
Element: 1133 0.2 2.5 0.0 0.00050 1774M0 -200.0 200.0 -2000 0.1170 0 0 0 791.07 2.88 345
Element: 1134 0.2 2.5 0.0 0.00050 1759M0 -200.0 200.0 -2000 0.1170 0 0 0 793.51 2.82 346
Element: 1135 0.2 2.5 0.0 0.00050 1775M0 -200.0 200.0 -2000 0.1170 0 0 0 795.88 2.76 347
Element: 1136 0.2 2.5 0.0 0.00050 1760M0 -200.0 200.0 -2000 0.1170 0 0 0 798.28 2.77 348
Element: 1137 0.2 2.5 0.0 0.00050 1776M0 -200.0 200.0 -2000 0.1170 0 0 0 800.68 2.78 349
Element: 1138 0.2 2.5 0.0 0.00050 1761M0 -200.0 200.0 -2000 0.1170 0 0 0 803.07 2.79 350
Element: 1139 0.2 2.5 0.0 0.00050 1777M0 -200.0 200.0 -2000 0.1170 0 0 0 805.47 2.80 351
Element: 1140 0.2 2.5 0.0 0.00050 1762M0 -200.0 200.0 -2000 0.1170 0 0 0 807.86 2.81 352
Element: 1141 0.2 2.5 0.0 0.00050 1778M0 -200.0 200.0 -2000 0.1170 0 0 0 810.25 2.81 353
Element: 1142 0.2 2.5 0.0 0.00050 1763M0 -200.0 200.0 -2000 0.1170 0 0 0 812.64 2.82 354
Element: 1143 0.2 2.5 0.0 0.00050 1779M0 -200.0 200.0 -2000 0.1170 0 0 0 815.03 2.83 355
Element: 1144 0.2 2.5 0.0 0.00050 1764M0 -200.0 200.0 -2000 0.1170 0 0 0 817.41 2.84 356
Element: 1145 0.2 2.5 0.0 0.00050 1780M0 -200.0 200.0 -2000 0.1170 0 0 0 819.79 2.85 357
Element: 1146 0.2 2.5 0.0 0.00050 1765M0 -200.0 200.0 -2000 0.1170 0 0 0 822.17 2.86 358
Element: 1147 0.2 2.5 0.0 0.00050 1781M0 -200.0 200.0 -2000 0.1170 0 0 0 824.59 2.80 359
Element: 1148 0.2 2.5 0.0 0.00050 1766M0 -200.0 200.0 -2000 0.1170 0 0 0 826.93 2.74 360
Element: 1149 0.2 2.5 0.0 0.00050 1782M0 -200.0 200.0 -2000 0.1170 0 0 0 829.31 2.75 361
Element: 1150 0.2 2.5 0.0 0.00050 1767M0 -200.0 200.0 -2000 0.1170 0 0 0 831.68 2.76 362
Element: 1151 0.2 2.5 0.0 0.00050 1783M0 -200.0 200.0 -2000 0.1170 0 0 0 834.05 2.77 363
Initialise: 
Display: 1D Nhits       32 0 32
Display: 1D NhitsPrompt 32 0 32
Display: 1D NhitsRand   32 0 32
Display: 1D Hits        352 0 352
Display: 1D HitsPrompt  352 0 352
Display: 1D HitsRand    352 0 352
Display: 1D EnergyOR    200 0 2.5
Display: 1D TimeOR     1000 -200.0 200.0
#Display: 1D Energy 100 0 2.5   0 352
Display: 1D Time  1000 -200.0 200.0   0 352
Display: 1D Eelect   1000 0 883.1
Display: 1D ScalerCurr 352 0 352
Display: 1D ScalerAcc  352 0 352
Display: 1D Doubles  	352 0 352
Display: 1D NDoubles  	32 0 32
Display: 2D EnergyOR 100 0 2.5 -1 Hits 352 0 352 -1
Display: 2D EnergyOR 100 0 2.5 -1 Doubles 352 0 352 -1
Display: 2D TimeOR   200 -200.0 200.0 -1 Hits 352 0 352 -1
Display: 2D TimeOR   200 -200.0 200.0 -1 Doubles 352 0 352 -1
