## Detector setup file for Ladder
########################################################################
##
##	#FP	Energy	Time	Pos
Size: 	352 	0 	1 	1
#
Multi-hit: 8
#
##	Scalers	Calib	Overlap	Micro	#trig	Toff	Tres
Misc:	1	1	1	0	0.0	-50	0.0
##
Window: 16. 24. -20. -12. 
##
## G 0 - 31  Section AB
##
Element:     816  0.200    2.5    0.00 0.000500  1438M0 -1000.0  1000.0 -3190.10 0.117000    0.000    0.000    0.000   31.210 0.570 412
Element:     800  0.200    2.5    0.00 0.000500  1432M0 -1000.0  1000.0 -3189.24 0.117000    0.000    0.000    0.000   31.780 0.590 400
Element:     817  0.200    2.5    0.00 0.000500  1454M0 -1000.0  1000.0 -3181.32 0.117000    0.000    0.000    0.000   32.370 0.620 413
Element:     801  0.200    2.5    0.00 0.000500  1448M0 -1000.0  1000.0 -3199.18 0.117000    0.000    0.000    0.000   33.000 0.640 401
Element:     818  0.200    2.5    0.00 0.000500  1439M0 -1000.0  1000.0 -3192.99 0.117000    0.000    0.000    0.000   33.640 0.670 414
Element:     802  0.200    2.5    0.00 0.000500  1433M0 -1000.0  1000.0 -3176.72 0.117000    0.000    0.000    0.000   34.310 0.690 402
Element:     819  0.200    2.5    0.00 0.000500  1455M0 -1000.0  1000.0 -3171.47 0.117000    0.000    0.000    0.000   35.010 0.720 415
Element:     803  0.200    2.5    0.00 0.000500  1449M0 -1000.0  1000.0 -3199.76 0.117000    0.000    0.000    0.000   35.730 0.740 403
Element:     820  0.200    2.5    0.00 0.000500  1440M0 -1000.0  1000.0 -3199.45 0.117000    0.000    0.000    0.000   36.480 0.770 416
Element:     804  0.200    2.5    0.00 0.000500  1434M0 -1000.0  1000.0 -3196.66 0.117000    0.000    0.000    0.000   37.250 0.800 404
Element:     821  0.200    2.5    0.00 0.000500  1456M0 -1000.0  1000.0 -3179.67 0.117000    0.000    0.000    0.000   38.040 0.820 417
Element:     805  0.200    2.5    0.00 0.000500  1450M0 -1000.0  1000.0 -3189.53 0.117000    0.000    0.000    0.000   38.860 0.840 405
Element:     822  0.200    2.5    0.00 0.000500  1441M0 -1000.0  1000.0 -3185.70 0.117000    0.000    0.000    0.000   39.700 0.860 418
Element:     806  0.200    2.5    0.00 0.000500  1435M0 -1000.0  1000.0 -3183.03 0.117000    0.000    0.000    0.000   40.560 0.880 406
Element:     823  0.200    2.5    0.00 0.000500  1457M0 -1000.0  1000.0 -3168.73 0.117000    0.000    0.000    0.000   41.440 0.900 419
Element:     807  0.200    2.5    0.00 0.000500  1451M0 -1000.0  1000.0 -3183.01 0.117000    0.000    0.000    0.000   42.330 0.910 407
Element:     824  0.200    2.5    0.00 0.000500  1442M0 -1000.0  1000.0 -3194.53 0.117000    0.000    0.000    0.000   43.240 0.930 420
Element:     808  0.200    2.5    0.00 0.000500  1436M0 -1000.0  1000.0 -3185.67 0.117000    0.000    0.000    0.000   44.150 0.940 408
Element:     825  0.200    2.5    0.00 0.000500  1458M0 -1000.0  1000.0 -3186.03 0.117000    0.000    0.000    0.000   45.080 0.940 421
Element:     809  0.200    2.5    0.00 0.000500  1452M0 -1000.0  1000.0 -3186.63 0.117000    0.000    0.000    0.000   46.010 0.950 409
Element:     826  0.200    2.5    0.00 0.000500  1443M0 -1000.0  1000.0 -3183.62 0.117000    0.000    0.000    0.000   46.950 0.950 422
Element:     810  0.200    2.5    0.00 0.000500  1437M0 -1000.0  1000.0 -3177.05 0.117000    0.000    0.000    0.000   47.880 0.950 410
Element:     827  0.200    2.5    0.00 0.000500  1459M0 -1000.0  1000.0 -3184.40 0.117000    0.000    0.000    0.000   48.810 0.940 423
Element:     811  0.200    2.5    0.00 0.000500  1453M0 -1000.0  1000.0 -3185.31 0.117000    0.000    0.000    0.000   49.740 0.930 411
Element:     828  0.200    2.5    0.00 0.000500  1444M0 -1000.0  1000.0 -3190.23 0.117000    0.000    0.000    0.000   50.650 0.920 424
Element:     829  0.200    2.5    0.00 0.000500  1460M0 -1000.0  1000.0 -3181.95 0.117000    0.000    0.000    0.000   51.560 0.910 425
Element:     830  0.200    2.5    0.00 0.000500  1445M0 -1000.0  1000.0 -3154.47 0.117000    0.000    0.000    0.000   52.450 0.900 426
Element:     831  0.200    2.5    0.00 0.000500  1461M0 -1000.0  1000.0 -3171.60 0.117000    0.000    0.000    0.000   53.320 0.880 427
Element:     812  0.200    2.5    0.00 0.000500  1446M0 -1000.0  1000.0 -3177.59 0.117000    0.000    0.000    0.000   54.180 0.860 428
Element:     813  0.200    2.5    0.00 0.000500  1462M0 -1000.0  1000.0 -3182.67 0.117000    0.000    0.000    0.000   55.030 0.850 429
Element:     814  0.200    2.5    0.00 0.000500  1447M0 -1000.0  1000.0 -3174.50 0.117000    0.000    0.000    0.000   55.860 0.840 430
Element:     815  0.200    2.5    0.00 0.000500  1463M0 -1000.0  1000.0 -3176.20 0.117000    0.000    0.000    0.000   56.680 0.820 431
##														     	   
## G 32 - 63  Section CD											     	   
##														     	   
Element:     832  0.200    2.5    0.00 0.000500  1464M0 -1000.0  1000.0 -3184.19 0.117000    0.000    0.000    0.000   57.480 0.830 432
Element:     833  0.200    2.5    0.00 0.000500  1480M0 -1000.0  1000.0 -3183.16 0.117000    0.000    0.000    0.000   58.280 0.840 433
Element:     834  0.200    2.5    0.00 0.000500  1465M0 -1000.0  1000.0 -3185.17 0.117000    0.000    0.000    0.000   59.090 0.850 434
Element:     835  0.200    2.5    0.00 0.000500  1481M0 -1000.0  1000.0 -3180.14 0.117000    0.000    0.000    0.000   59.890 0.860 435
Element:     836  0.200    2.5    0.00 0.000500  1466M0 -1000.0  1000.0 -3186.39 0.117000    0.000    0.000    0.000   60.700 0.860 436
Element:     837  0.200    2.5    0.00 0.000500  1482M0 -1000.0  1000.0 -3186.69 0.117000    0.000    0.000    0.000   61.510 0.870 437
Element:     838  0.200    2.5    0.00 0.000500  1467M0 -1000.0  1000.0 -3181.51 0.117000    0.000    0.000    0.000   62.340 0.860 438
Element:     839  0.200    2.5    0.00 0.000500  1483M0 -1000.0  1000.0 -3174.43 0.117000    0.000    0.000    0.000   63.160 0.840 439
Element:     840  0.200    2.5    0.00 0.000500  1468M0 -1000.0  1000.0 -3181.76 0.117000    0.000    0.000    0.000   63.980 0.850 440
Element:     841  0.200    2.5    0.00 0.000500  1484M0 -1000.0  1000.0 -3171.84 0.117000    0.000    0.000    0.000   64.810 0.860 441
Element:     842  0.200    2.5    0.00 0.000500  1469M0 -1000.0  1000.0 -3170.63 0.117000    0.000    0.000    0.000   65.640 0.870 442
Element:     843  0.200    2.5    0.00 0.000500  1485M0 -1000.0  1000.0 -3179.73 0.117000    0.000    0.000    0.000   66.480 0.870 443
Element:     844  0.200    2.5    0.00 0.000500  1470M0 -1000.0  1000.0 -3175.70 0.117000    0.000    0.000    0.000   67.310 0.880 444
Element:     845  0.200    2.5    0.00 0.000500  1486M0 -1000.0  1000.0 -3175.02 0.117000    0.000    0.000    0.000   68.160 0.890 445
Element:     846  0.200    2.5    0.00 0.000500  1471M0 -1000.0  1000.0 -3165.69 0.117000    0.000    0.000    0.000   69.000 0.900 446
Element:     847  0.200    2.5    0.00 0.000500  1487M0 -1000.0  1000.0 -3186.94 0.117000    0.000    0.000    0.000   69.850 0.910 447
Element:     848  0.200    2.5    0.00 0.000500  1472M0 -1000.0  1000.0 -3175.62 0.117000    0.000    0.000    0.000   70.710 0.890 448
Element:     849  0.200    2.5    0.00 0.000500  1488M0 -1000.0  1000.0 -3167.14 0.117000    0.000    0.000    0.000   71.550 0.880 449
Element:     850  0.200    2.5    0.00 0.000500  1473M0 -1000.0  1000.0 -3181.13 0.117000    0.000    0.000    0.000   72.410 0.890 450
Element:     851  0.200    2.5    0.00 0.000500  1489M0 -1000.0  1000.0 -3172.33 0.117000    0.000    0.000    0.000   73.270 0.900 451
Element:     852  0.200    2.5    0.00 0.000500  1474M0 -1000.0  1000.0 -3179.40 0.117000    0.000    0.000    0.000   74.130 0.900 452
Element:     853  0.200    2.5    0.00 0.000500  1490M0 -1000.0  1000.0 -3170.54 0.117000    0.000    0.000    0.000   75.000 0.910 453
Element:     854  0.200    2.5    0.00 0.000500  1475M0 -1000.0  1000.0 -3177.19 0.117000    0.000    0.000    0.000   75.870 0.920 454
Element:     855  0.200    2.5    0.00 0.000500  1491M0 -1000.0  1000.0 -3178.54 0.117000    0.000    0.000    0.000   76.750 0.930 455
Element:     856  0.200    2.5    0.00 0.000500  1476M0 -1000.0  1000.0 -3178.83 0.117000    0.000    0.000    0.000   77.630 0.920 456
Element:     857  0.200    2.5    0.00 0.000500  1492M0 -1000.0  1000.0 -3165.21 0.117000    0.000    0.000    0.000   78.510 0.910 457
Element:     858  0.200    2.5    0.00 0.000500  1477M0 -1000.0  1000.0 -3169.93 0.117000    0.000    0.000    0.000   79.390 0.910 458
Element:     859  0.200    2.5    0.00 0.000500  1493M0 -1000.0  1000.0 -3175.11 0.117000    0.000    0.000    0.000   80.280 0.920 459
Element:     860  0.200    2.5    0.00 0.000500  1478M0 -1000.0  1000.0 -3187.24 0.117000    0.000    0.000    0.000   81.170 0.930 460
Element:     861  0.200    2.5    0.00 0.000500  1494M0 -1000.0  1000.0 -3185.37 0.117000    0.000    0.000    0.000   82.060 0.940 461
Element:     862  0.200    2.5    0.00 0.000500  1479M0 -1000.0  1000.0 -3177.42 0.117000    0.000    0.000    0.000   82.960 0.950 462
Element:     863  0.200    2.5    0.00 0.000500  1495M0 -1000.0  1000.0 -3164.68 0.117000    0.000    0.000    0.000   83.860 0.950 463
##														     	   
## G 64 - 95  Section EF											     	   
##														     	   
Element:     864  0.200    2.5    0.00 0.000500  1496M0 -1000.0  1000.0 -3175.10 0.117000    0.000    0.000    0.000   84.770 0.960 464
Element:     865  0.200    2.5    0.00 0.000500  1512M0 -1000.0  1000.0 -3174.11 0.117000    0.000    0.000    0.000   85.670 0.970 465
Element:     866  0.200    2.5    0.00 0.000500  1497M0 -1000.0  1000.0 -3165.88 0.117000    0.000    0.000    0.000   86.590 0.980 466
Element:     867  0.200    2.5    0.00 0.000500  1513M0 -1000.0  1000.0 -3174.10 0.117000    0.000    0.000    0.000   87.510 0.970 467
Element:     868  0.200    2.5    0.00 0.000500  1498M0 -1000.0  1000.0 -3180.73 0.117000    0.000    0.000    0.000   88.420 0.950 468
Element:     869  0.200    2.5    0.00 0.000500  1514M0 -1000.0  1000.0 -3156.99 0.117000    0.000    0.000    0.000   89.340 0.960 469
Element:     870  0.200    2.5    0.00 0.000500  1499M0 -1000.0  1000.0 -3155.20 0.117000    0.000    0.000    0.000   90.260 0.970 470
Element:     871  0.200    2.5    0.00 0.000500  1515M0 -1000.0  1000.0 -3156.13 0.117000    0.000    0.000    0.000   91.190 0.970 471
Element:     872  0.200    2.5    0.00 0.000500  1500M0 -1000.0  1000.0 -3164.88 0.117000    0.000    0.000    0.000   92.120 0.980 472
Element:     873  0.200    2.5    0.00 0.000500  1516M0 -1000.0  1000.0 -3177.78 0.117000    0.000    0.000    0.000   93.060 0.990 473
Element:     874  0.200    2.5    0.00 0.000500  1501M0 -1000.0  1000.0 -3171.50 0.117000    0.000    0.000    0.000   94.000 1.000 474
Element:     875  0.200    2.5    0.00 0.000500  1517M0 -1000.0  1000.0 -3171.10 0.117000    0.000    0.000    0.000   94.940 1.010 475
Element:     876  0.200    2.5    0.00 0.000500  1502M0 -1000.0  1000.0 -3167.86 0.117000    0.000    0.000    0.000   95.900 1.000 476
Element:     877  0.200    2.5    0.00 0.000500  1518M0 -1000.0  1000.0 -3175.14 0.117000    0.000    0.000    0.000   96.830 0.980 477
Element:     878  0.200    2.5    0.00 0.000500  1503M0 -1000.0  1000.0 -3167.82 0.117000    0.000    0.000    0.000   97.790 0.990 478
Element:     879  0.200    2.5    0.00 0.000500  1519M0 -1000.0  1000.0 -3173.79 0.117000    0.000    0.000    0.000   98.740 1.000 479
Element:     880  0.200    2.5    0.00 0.000500  1504M0 -1000.0  1000.0 -3173.80 0.117000    0.000    0.000    0.000   99.700 1.010 480
Element:     881  0.200    2.5    0.00 0.000500  1520M0 -1000.0  1000.0 -3170.13 0.117000    0.000    0.000    0.000  100.660 1.020 481
Element:     882  0.200    2.5    0.00 0.000500  1505M0 -1000.0  1000.0 -3168.18 0.117000    0.000    0.000    0.000  101.630 1.030 482
Element:     883  0.200    2.5    0.00 0.000500  1521M0 -1000.0  1000.0 -3164.97 0.117000    0.000    0.000    0.000  102.600 1.030 483
Element:     884  0.200    2.5    0.00 0.000500  1506M0 -1000.0  1000.0 -3182.80 0.117000    0.000    0.000    0.000  103.570 1.040 484
Element:     885  0.200    2.5    0.00 0.000500  1522M0 -1000.0  1000.0 -3174.47 0.117000    0.000    0.000    0.000  104.550 1.030 485
Element:     886  0.200    2.5    0.00 0.000500  1507M0 -1000.0  1000.0 -3171.11 0.117000    0.000    0.000    0.000  105.520 1.020 486
Element:     887  0.200    2.5    0.00 0.000500  1523M0 -1000.0  1000.0 -3172.49 0.117000    0.000    0.000    0.000  106.500 1.020 487
Element:     888  0.200    2.5    0.00 0.000500  1508M0 -1000.0  1000.0 -3173.17 0.117000    0.000    0.000    0.000  107.490 1.030 488
Element:     889  0.200    2.5    0.00 0.000500  1524M0 -1000.0  1000.0 -3167.03 0.117000    0.000    0.000    0.000  108.480 1.040 489
Element:     890  0.200    2.5    0.00 0.000500  1509M0 -1000.0  1000.0 -3171.34 0.117000    0.000    0.000    0.000  109.470 1.050 490
Element:     891  0.200    2.5    0.00 0.000500  1525M0 -1000.0  1000.0 -3171.05 0.117000    0.000    0.000    0.000  110.470 1.060 491
Element:     892  0.200    2.5    0.00 0.000500  1510M0 -1000.0  1000.0 -3165.98 0.117000    0.000    0.000    0.000  111.460 1.070 492
Element:     893  0.200    2.5    0.00 0.000500  1526M0 -1000.0  1000.0 -3162.40 0.117000    0.000    0.000    0.000  112.470 1.070 493
Element:     894  0.200    2.5    0.00 0.000500  1511M0 -1000.0  1000.0 -3167.38 0.117000    0.000    0.000    0.000  113.480 1.060 494
Element:     895  0.200    2.5    0.00 0.000500  1527M0 -1000.0  1000.0 -3156.71 0.117000    0.000    0.000    0.000  114.480 1.050 495
##														     	   
## G 96 - 127  Section GH											     	   
##														     	   
Element:     896  0.200    2.5    0.00 0.000500  1528M0 -1000.0  1000.0 -3155.90 0.117000    0.000    0.000    0.000  115.490 1.060 496
Element:     897  0.200    2.5    0.00 0.000500  1544M0 -1000.0  1000.0 -3164.24 0.117000    0.000    0.000    0.000  116.500 1.070 497
Element:     898  0.200    2.5    0.00 0.000500  1529M0 -1000.0  1000.0 -3163.53 0.117000    0.000    0.000    0.000  117.520 1.080 498
Element:     899  0.200    2.5    0.00 0.000500  1545M0 -1000.0  1000.0 -3167.55 0.117000    0.000    0.000    0.000  118.540 1.090 499
Element:     900  0.200    2.5    0.00 0.000500  1530M0 -1000.0  1000.0 -3170.56 0.117000    0.000    0.000    0.000  119.560 1.100 500
Element:     901  0.200    2.5    0.00 0.000500  1546M0 -1000.0  1000.0 -3171.83 0.117000    0.000    0.000    0.000  120.590 1.100 501
Element:     902  0.200    2.5    0.00 0.000500  1531M0 -1000.0  1000.0 -3166.78 0.117000    0.000    0.000    0.000  121.620 1.110 502
Element:     903  0.200    2.5    0.00 0.000500  1547M0 -1000.0  1000.0 -3162.31 0.117000    0.000    0.000    0.000  122.670 1.100 503
Element:     904  0.200    2.5    0.00 0.000500  1532M0 -1000.0  1000.0 -3179.05 0.117000    0.000    0.000    0.000  123.690 1.080 504
Element:     905  0.200    2.5    0.00 0.000500  1548M0 -1000.0  1000.0 -3174.78 0.117000    0.000    0.000    0.000  124.730 1.090 505
Element:     906  0.200    2.5    0.00 0.000500  1533M0 -1000.0  1000.0 -3182.38 0.117000    0.000    0.000    0.000  125.770 1.100 506
Element:     907  0.200    2.5    0.00 0.000500  1549M0 -1000.0  1000.0 -3192.60 0.117000    0.000    0.000    0.000  126.820 1.110 507
Element:     908  0.200    2.5    0.00 0.000500  1534M0 -1000.0  1000.0 -3161.86 0.117000    0.000    0.000    0.000  127.860 1.110 508
Element:     909  0.200    2.5    0.00 0.000500  1550M0 -1000.0  1000.0 -3169.77 0.117000    0.000    0.000    0.000  128.920 1.120 509
Element:     910  0.200    2.5    0.00 0.000500  1535M0 -1000.0  1000.0 -3159.15 0.117000    0.000    0.000    0.000  129.970 1.130 510
Element:     911  0.200    2.5    0.00 0.000500  1551M0 -1000.0  1000.0 -3174.54 0.117000    0.000    0.000    0.000  131.030 1.140 511
Element:     912  0.200    2.5    0.00 0.000500  1536M0 -1000.0  1000.0 -3168.94 0.117000    0.000    0.000    0.000  132.090 1.150 512
Element:     913  0.200    2.5    0.00 0.000500  1552M0 -1000.0  1000.0 -3160.73 0.117000    0.000    0.000    0.000  133.160 1.140 513
Element:     914  0.200    2.5    0.00 0.000500  1537M0 -1000.0  1000.0 -3168.71 0.117000    0.000    0.000    0.000  134.220 1.120 514
Element:     915  0.200    2.5    0.00 0.000500  1553M0 -1000.0  1000.0 -3160.41 0.117000    0.000    0.000    0.000  135.280 1.130 515
Element:     916  0.200    2.5    0.00 0.000500  1538M0 -1000.0  1000.0 -3174.14 0.117000    0.000    0.000    0.000  136.360 1.140 516
Element:     917  0.200    2.5    0.00 0.000500  1554M0 -1000.0  1000.0 -3178.91 0.117000    0.000    0.000    0.000  137.430 1.150 517
Element:     918  0.200    2.5    0.00 0.000500  1539M0 -1000.0  1000.0 -3140.72 0.117000    0.000    0.000    0.000  138.510 1.160 518
Element:     919  0.200    2.5    0.00 0.000500  1555M0 -1000.0  1000.0 -3172.12 0.117000    0.000    0.000    0.000  139.590 1.170 519
Element:     920  0.200    2.5    0.00 0.000500  1540M0 -1000.0  1000.0 -3174.31 0.117000    0.000    0.000    0.000  140.670 1.170 520
Element:     921  0.200    2.5    0.00 0.000500  1556M0 -1000.0  1000.0 -3163.60 0.117000    0.000    0.000    0.000  141.760 1.180 521
Element:     922  0.200    2.5    0.00 0.000500  1541M0 -1000.0  1000.0 -3170.61 0.117000    0.000    0.000    0.000  142.850 1.190 522
Element:     923  0.200    2.5    0.00 0.000500  1557M0 -1000.0  1000.0 -3172.12 0.117000    0.000    0.000    0.000  143.950 1.170 523
Element:     924  0.200    2.5    0.00 0.000500  1542M0 -1000.0  1000.0 -3164.19 0.117000    0.000    0.000    0.000  145.030 1.150 524
Element:     925  0.200    2.5    0.00 0.000500  1558M0 -1000.0  1000.0 -3164.22 0.117000    0.000    0.000    0.000  146.130 1.160 525
Element:     926  0.200    2.5    0.00 0.000500  1543M0 -1000.0  1000.0 -3174.19 0.117000    0.000    0.000    0.000  147.230 1.170 526
Element:     927  0.200    2.5    0.00 0.000500  1559M0 -1000.0  1000.0 -3157.65 0.117000    0.000    0.000    0.000  148.330 1.180 527
##														     	   
## G 128 - 159  Section IJ											     	   
##														     	   
Element:     928  0.200    2.5    0.00 0.000500  1560M0 -1000.0  1000.0 -3148.77 0.117000    0.000    0.000    0.000  149.430 1.190 528
Element:     929  0.200    2.5    0.00 0.000500  1576M0 -1000.0  1000.0 -3151.58 0.117000    0.000    0.000    0.000  150.540 1.200 529
Element:     930  0.200    2.5    0.00 0.000500  1561M0 -1000.0  1000.0 -3148.56 0.117000    0.000    0.000    0.000  151.650 1.200 530
Element:     931  0.200    2.5    0.00 0.000500  1577M0 -1000.0  1000.0 -3153.87 0.117000    0.000    0.000    0.000  152.760 1.210 531
Element:     932  0.200    2.5    0.00 0.000500  1562M0 -1000.0  1000.0 -3150.63 0.117000    0.000    0.000    0.000  153.880 1.220 532
Element:     933  0.200    2.5    0.00 0.000500  1578M0 -1000.0  1000.0 -3153.06 0.117000    0.000    0.000    0.000  155.010 1.200 533
Element:     934  0.200    2.5    0.00 0.000500  1563M0 -1000.0  1000.0 -3164.69 0.117000    0.000    0.000    0.000  156.120 1.180 534
Element:     935  0.200    2.5    0.00 0.000500  1579M0 -1000.0  1000.0 -3152.01 0.117000    0.000    0.000    0.000  157.240 1.190 535
Element:     936  0.200    2.5    0.00 0.000500  1564M0 -1000.0  1000.0 -3161.00 0.117000    0.000    0.000    0.000  158.360 1.200 536
Element:     937  0.200    2.5    0.00 0.000500  1580M0 -1000.0  1000.0 -3165.78 0.117000    0.000    0.000    0.000  159.490 1.210 537
Element:     938  0.200    2.5    0.00 0.000500  1565M0 -1000.0  1000.0 -3152.82 0.117000    0.000    0.000    0.000  160.620 1.220 538
Element:     939  0.200    2.5    0.00 0.000500  1581M0 -1000.0  1000.0 -3162.71 0.117000    0.000    0.000    0.000  161.750 1.220 539
Element:     940  0.200    2.5    0.00 0.000500  1566M0 -1000.0  1000.0 -3142.78 0.117000    0.000    0.000    0.000  162.890 1.230 540
Element:     941  0.200    2.5    0.00 0.000500  1582M0 -1000.0  1000.0 -3161.28 0.117000    0.000    0.000    0.000  164.030 1.240 541
Element:     942  0.200    2.5    0.00 0.000500  1567M0 -1000.0  1000.0 -3154.54 0.117000    0.000    0.000    0.000  165.170 1.250 542
Element:     943  0.200    2.5    0.00 0.000500  1583M0 -1000.0  1000.0 -3153.09 0.117000    0.000    0.000    0.000  166.310 1.260 543
Element:     944  0.200    2.5    0.00 0.000500  1568M0 -1000.0  1000.0 -3156.85 0.117000    0.000    0.000    0.000  167.470 1.240 544
Element:     945  0.200    2.5    0.00 0.000500  1584M0 -1000.0  1000.0 -3151.45 0.117000    0.000    0.000    0.000  168.600 1.220 545
Element:     946  0.200    2.5    0.00 0.000500  1569M0 -1000.0  1000.0 -3153.02 0.117000    0.000    0.000    0.000  169.750 1.220 546
Element:     947  0.200    2.5    0.00 0.000500  1585M0 -1000.0  1000.0 -3148.35 0.117000    0.000    0.000    0.000  170.900 1.230 547
Element:     948  0.200    2.5    0.00 0.000500  1570M0 -1000.0  1000.0 -3157.70 0.117000    0.000    0.000    0.000  172.050 1.240 548
Element:     949  0.200    2.5    0.00 0.000500  1586M0 -1000.0  1000.0 -3146.37 0.117000    0.000    0.000    0.000  173.210 1.250 549
Element:     950  0.200    2.5    0.00 0.000500  1571M0 -1000.0  1000.0 -3155.21 0.117000    0.000    0.000    0.000  174.370 1.260 550
Element:     951  0.200    2.5    0.00 0.000500  1587M0 -1000.0  1000.0 -3154.01 0.117000    0.000    0.000    0.000  175.530 1.260 551
Element:     952  0.200    2.5    0.00 0.000500  1572M0 -1000.0  1000.0 -3156.34 0.117000    0.000    0.000    0.000  176.690 1.270 552
Element:     953  0.200    2.5    0.00 0.000500  1588M0 -1000.0  1000.0 -3147.87 0.117000    0.000    0.000    0.000  177.850 1.280 553
Element:     954  0.200    2.5    0.00 0.000500  1573M0 -1000.0  1000.0 -3151.67 0.117000    0.000    0.000    0.000  179.020 1.290 554
Element:     955  0.200    2.5    0.00 0.000500  1589M0 -1000.0  1000.0 -3149.36 0.117000    0.000    0.000    0.000  180.200 1.270 555
Element:     956  0.200    2.5    0.00 0.000500  1574M0 -1000.0  1000.0 -3142.88 0.117000    0.000    0.000    0.000  181.360 1.240 556
Element:     957  0.200    2.5    0.00 0.000500  1590M0 -1000.0  1000.0 -3136.75 0.117000    0.000    0.000    0.000  182.530 1.250 557
Element:     958  0.200    2.5    0.00 0.000500  1575M0 -1000.0  1000.0 -3145.07 0.117000    0.000    0.000    0.000  183.710 1.260 558
Element:     959  0.200    2.5    0.00 0.000500  1591M0 -1000.0  1000.0 -3142.98 0.117000    0.000    0.000    0.000  184.880 1.270 559
##														     	   
## G 160 - 191  Section KL											     	   
##														     	   
Element:     960  0.200    2.5    0.00 0.000500  1592M0 -1000.0  1000.0 -3145.37 0.117000    0.000    0.000    0.000  186.060 1.280 560
Element:     961  0.200    2.5    0.00 0.000500  1608M0 -1000.0  1000.0 -3152.36 0.117000    0.000    0.000    0.000  187.240 1.280 561
Element:     962  0.200    2.5    0.00 0.000500  1593M0 -1000.0  1000.0 -3147.75 0.117000    0.000    0.000    0.000  188.430 1.290 562
Element:     963  0.200    2.5    0.00 0.000500  1609M0 -1000.0  1000.0 -3153.84 0.117000    0.000    0.000    0.000  189.610 1.300 563
Element:     964  0.200    2.5    0.00 0.000500  1594M0 -1000.0  1000.0 -3147.03 0.117000    0.000    0.000    0.000  190.800 1.310 564
Element:     965  0.200    2.5    0.00 0.000500  1610M0 -1000.0  1000.0 -3151.32 0.117000    0.000    0.000    0.000  191.990 1.320 565
Element:     966  0.200    2.5    0.00 0.000500  1595M0 -1000.0  1000.0 -3152.26 0.117000    0.000    0.000    0.000  193.190 1.290 566
Element:     967  0.200    2.5    0.00 0.000500  1611M0 -1000.0  1000.0 -3151.54 0.117000    0.000    0.000    0.000  194.370 1.270 567
Element:     968  0.200    2.5    0.00 0.000500  1596M0 -1000.0  1000.0 -3149.93 0.117000    0.000    0.000    0.000  195.560 1.280 568
Element:     969  0.200    2.5    0.00 0.000500  1612M0 -1000.0  1000.0 -3159.88 0.117000    0.000    0.000    0.000  196.760 1.280 569
Element:     970  0.200    2.5    0.00 0.000500  1597M0 -1000.0  1000.0 -3138.48 0.117000    0.000    0.000    0.000  197.950 1.290 570
Element:     971  0.200    2.5    0.00 0.000500  1613M0 -1000.0  1000.0 -3158.80 0.117000    0.000    0.000    0.000  199.150 1.300 571
Element:     972  0.200    2.5    0.00 0.000500  1598M0 -1000.0  1000.0 -3152.35 0.117000    0.000    0.000    0.000  200.350 1.310 572
Element:     973  0.200    2.5    0.00 0.000500  1614M0 -1000.0  1000.0 -3153.62 0.117000    0.000    0.000    0.000  201.560 1.320 573
Element:     974  0.200    2.5    0.00 0.000500  1599M0 -1000.0  1000.0 -3148.12 0.117000    0.000    0.000    0.000  202.760 1.320 574
Element:     975  0.200    2.5    0.00 0.000500  1615M0 -1000.0  1000.0 -3157.48 0.117000    0.000    0.000    0.000  203.970 1.330 575
Element:     976  0.200    2.5    0.00 0.000500  1600M0 -1000.0  1000.0 -3152.55 0.117000    0.000    0.000    0.000  205.170 1.340 576
Element:     977  0.200    2.5    0.00 0.000500  1616M0 -1000.0  1000.0 -3143.69 0.117000    0.000    0.000    0.000  206.400 1.320 577
Element:     978  0.200    2.5    0.00 0.000500  1601M0 -1000.0  1000.0 -3154.09 0.117000    0.000    0.000    0.000  207.590 1.300 578
Element:     979  0.200    2.5    0.00 0.000500  1617M0 -1000.0  1000.0 -3137.37 0.117000    0.000    0.000    0.000  208.810 1.310 579
Element:     980  0.200    2.5    0.00 0.000500  1602M0 -1000.0  1000.0 -3160.81 0.117000    0.000    0.000    0.000  210.020 1.310 580
Element:     981  0.200    2.5    0.00 0.000500  1618M0 -1000.0  1000.0 -3151.04 0.117000    0.000    0.000    0.000  211.230 1.320 581
Element:     982  0.200    2.5    0.00 0.000500  1603M0 -1000.0  1000.0 -3148.62 0.117000    0.000    0.000    0.000  212.450 1.330 582
Element:     983  0.200    2.5    0.00 0.000500  1619M0 -1000.0  1000.0 -3152.27 0.117000    0.000    0.000    0.000  213.670 1.340 583
Element:     984  0.200    2.5    0.00 0.000500  1604M0 -1000.0  1000.0 -3150.57 0.117000    0.000    0.000    0.000  214.890 1.350 584
Element:     985  0.200    2.5    0.00 0.000500  1620M0 -1000.0  1000.0 -2977.70 0.117000    0.000    0.000    0.000  216.110 1.350 585
Element:     986  0.200    2.5    0.00 0.000500  1605M0 -1000.0  1000.0 -3149.15 0.117000    0.000    0.000    0.000  217.330 1.360 586
Element:     987  0.200    2.5    0.00 0.000500  1621M0 -1000.0  1000.0 -3145.82 0.117000    0.000    0.000    0.000  218.560 1.370 587
Element:     988  0.200    2.5    0.00 0.000500  1606M0 -1000.0  1000.0 -3141.28 0.117000    0.000    0.000    0.000  219.800 1.340 588
Element:     989  0.200    2.5    0.00 0.000500  1622M0 -1000.0  1000.0 -3136.91 0.117000    0.000    0.000    0.000  221.010 1.320 589
Element:     990  0.200    2.5    0.00 0.000500  1607M0 -1000.0  1000.0 -3156.40 0.117000    0.000    0.000    0.000  222.240 1.320 590
Element:     991  0.200    2.5    0.00 0.000500  1623M0 -1000.0  1000.0 -3149.24 0.117000    0.000    0.000    0.000  223.470 1.330 591
##														     	   
## G 192 - 223  Section MN											     	   
##														     	   
Element:     992  0.200    2.5    0.00 0.000500  1624M0 -1000.0  1000.0 -3000.00 0.117000    0.000    0.000    0.000  224.700 1.340 592
Element:     993  0.200    2.5    0.00 0.000500  1640M0 -1000.0  1000.0 -3156.08 0.117000    0.000    0.000    0.000  225.930 1.350 593
Element:     994  0.200    2.5    0.00 0.000500  1625M0 -1000.0  1000.0 -3147.86 0.117000    0.000    0.000    0.000  227.160 1.350 594
Element:     995  0.200    2.5    0.00 0.000500  1641M0 -1000.0  1000.0 -3151.27 0.117000    0.000    0.000    0.000  228.400 1.360 595
Element:     996  0.200    2.5    0.00 0.000500  1626M0 -1000.0  1000.0 -3165.55 0.117000    0.000    0.000    0.000  229.630 1.370 596
Element:     997  0.200    2.5    0.00 0.000500  1642M0 -1000.0  1000.0 -3165.52 0.117000    0.000    0.000    0.000  230.870 1.380 597
Element:     998  0.200    2.5    0.00 0.000500  1627M0 -1000.0  1000.0 -3156.52 0.117000    0.000    0.000    0.000  232.110 1.380 598
Element:     999  0.200    2.5    0.00 0.000500  1643M0 -1000.0  1000.0 -3147.05 0.117000    0.000    0.000    0.000  233.340 1.390 599
Element:    1000  0.200    2.5    0.00 0.000500  1628M0 -1000.0  1000.0 -3156.03 0.117000    0.000    0.000    0.000  234.600 1.370 600
Element:    1001  0.200    2.5    0.00 0.000500  1644M0 -1000.0  1000.0 -3161.59 0.117000    0.000    0.000    0.000  235.830 1.340 601
Element:    1002  0.200    2.5    0.00 0.000500  1629M0 -1000.0  1000.0 -3157.06 0.117000    0.000    0.000    0.000  237.070 1.350 602
Element:    1003  0.200    2.5    0.00 0.000500  1645M0 -1000.0  1000.0 -3154.64 0.117000    0.000    0.000    0.000  238.310 1.360 603
Element:    1004  0.200    2.5    0.00 0.000500  1630M0 -1000.0  1000.0 -3160.92 0.117000    0.000    0.000    0.000  239.550 1.370 604
Element:    1005  0.200    2.5    0.00 0.000500  1646M0 -1000.0  1000.0 -3177.37 0.117000    0.000    0.000    0.000  240.800 1.380 605
Element:    1006  0.200    2.5    0.00 0.000500  1631M0 -1000.0  1000.0 -3174.80 0.117000    0.000    0.000    0.000  242.050 1.380 606
Element:    1007  0.200    2.5    0.00 0.000500  1647M0 -1000.0  1000.0 -3169.87 0.117000    0.000    0.000    0.000  243.290 1.390 607
Element:    1008  0.200    2.5    0.00 0.000500  1632M0 -1000.0  1000.0 -3169.81 0.117000    0.000    0.000    0.000  244.540 1.400 608
Element:    1009  0.200    2.5    0.00 0.000500  1648M0 -1000.0  1000.0 -3158.84 0.117000    0.000    0.000    0.000  245.790 1.400 609
Element:    1010  0.200    2.5    0.00 0.000500  1633M0 -1000.0  1000.0 -3164.53 0.117000    0.000    0.000    0.000  247.040 1.410 610
Element:    1011  0.200    2.5    0.00 0.000500  1649M0 -1000.0  1000.0 -3152.64 0.117000    0.000    0.000    0.000  248.290 1.420 611
Element:    1012  0.200    2.5    0.00 0.000500  1634M0 -1000.0  1000.0 -3177.21 0.117000    0.000    0.000    0.000  249.560 1.390 612
Element:    1013  0.200    2.5    0.00 0.000500  1650M0 -1000.0  1000.0 -3155.50 0.117000    0.000    0.000    0.000  250.790 1.360 613
Element:    1014  0.200    2.5    0.00 0.000500  1635M0 -1000.0  1000.0 -3162.28 0.117000    0.000    0.000    0.000  252.050 1.370 614
Element:    1015  0.200    2.5    0.00 0.000500  1651M0 -1000.0  1000.0 -3160.70 0.117000    0.000    0.000    0.000  253.300 1.370 615
Element:    1016  0.200    2.5    0.00 0.000500  1636M0 -1000.0  1000.0 -3169.21 0.117000    0.000    0.000    0.000  254.560 1.380 616
Element:    1017  0.200    2.5    0.00 0.000500  1652M0 -1000.0  1000.0 -3159.02 0.117000    0.000    0.000    0.000  255.810 1.390 617
Element:    1018  0.200    2.5    0.00 0.000500  1637M0 -1000.0  1000.0 -3155.21 0.117000    0.000    0.000    0.000  257.070 1.400 618
Element:    1019  0.200    2.5    0.00 0.000500  1653M0 -1000.0  1000.0 -3163.79 0.117000    0.000    0.000    0.000  258.330 1.400 619
Element:    1020  0.200    2.5    0.00 0.000500  1638M0 -1000.0  1000.0 -3158.86 0.117000    0.000    0.000    0.000  259.580 1.410 620
Element:    1021  0.200    2.5    0.00 0.000500  1654M0 -1000.0  1000.0 -3164.43 0.117000    0.000    0.000    0.000  260.840 1.420 621
Element:    1022  0.200    2.5    0.00 0.000500  1639M0 -1000.0  1000.0 -3164.41 0.117000    0.000    0.000    0.000  262.100 1.420 622
Element:    1023  0.200    2.5    0.00 0.000500  1655M0 -1000.0  1000.0 -3152.75 0.117000    0.000    0.000    0.000  263.360 1.430 623
##														     	   
## G 224 - 255  Section OP											     	   
##														     	   
Element:    1024  0.200    2.5    0.00 0.000500  1656M0 -1000.0  1000.0 -2850.69 0.117000    0.000    0.000    0.000  264.640 1.400 624
Element:    1025  0.200    2.5    0.00 0.000500  1672M0 -1000.0  1000.0 -3163.35 0.117000    0.000    0.000    0.000  265.880 1.370 625
Element:    1026  0.200    2.5    0.00 0.000500  1657M0 -1000.0  1000.0 -3156.63 0.117000    0.000    0.000    0.000  267.140 1.380 626
Element:    1027  0.200    2.5    0.00 0.000500  1673M0 -1000.0  1000.0 -3169.54 0.117000    0.000    0.000    0.000  268.410 1.380 627
Element:    1028  0.200    2.5    0.00 0.000500  1658M0 -1000.0  1000.0 -3167.84 0.117000    0.000    0.000    0.000  269.670 1.390 628
Element:    1029  0.200    2.5    0.00 0.000500  1674M0 -1000.0  1000.0 -3216.32 0.117000    0.000    0.000    0.000  270.930 1.400 629
Element:    1030  0.200    2.5    0.00 0.000500  1659M0 -1000.0  1000.0 -3166.00 0.117000    0.000    0.000    0.000  272.190 1.400 630
Element:    1031  0.200    2.5    0.00 0.000500  1675M0 -1000.0  1000.0 -3169.32 0.117000    0.000    0.000    0.000  273.460 1.410 631
Element:    1032  0.200    2.5    0.00 0.000500  1660M0 -1000.0  1000.0 -3157.47 0.117000    0.000    0.000    0.000  274.720 1.420 632
Element:    1033  0.200    2.5    0.00 0.000500  1676M0 -1000.0  1000.0 -3180.27 0.117000    0.000    0.000    0.000  275.990 1.420 633
Element:    1034  0.200    2.5    0.00 0.000500  1661M0 -1000.0  1000.0 -3167.46 0.117000    0.000    0.000    0.000  277.250 1.430 634
Element:    1035  0.200    2.5    0.00 0.000500  1677M0 -1000.0  1000.0 -3105.72 0.117000    0.000    0.000    0.000  278.520 1.440 635
Element:    1036  0.200    2.5    0.00 0.000500  1662M0 -1000.0  1000.0 -3089.09 0.117000    0.000    0.000    0.000  279.800 1.410 636
Element:    1037  0.200    2.5    0.00 0.000500  1678M0 -1000.0  1000.0 -3172.77 0.117000    0.000    0.000    0.000  281.050 1.380 637
Element:    1038  0.200    2.5    0.00 0.000500  1663M0 -1000.0  1000.0 -3164.68 0.117000    0.000    0.000    0.000  282.320 1.390 638
Element:    1039  0.200    2.5    0.00 0.000500  1679M0 -1000.0  1000.0 -3175.72 0.117000    0.000    0.000    0.000  283.590 1.400 639
Element:    1040  0.200    2.5    0.00 0.000500  1664M0 -1000.0  1000.0 -3176.38 0.117000    0.000    0.000    0.000  284.850 1.400 640
Element:    1041  0.200    2.5    0.00 0.000500  1680M0 -1000.0  1000.0 -3168.18 0.117000    0.000    0.000    0.000  286.120 1.410 641
Element:    1042  0.200    2.5    0.00 0.000500  1665M0 -1000.0  1000.0 -3176.81 0.117000    0.000    0.000    0.000  287.390 1.420 642
Element:    1043  0.200    2.5    0.00 0.000500  1681M0 -1000.0  1000.0 -3173.53 0.117000    0.000    0.000    0.000  288.660 1.420 643
Element:    1044  0.200    2.5    0.00 0.000500  1666M0 -1000.0  1000.0 -3190.87 0.117000    0.000    0.000    0.000  289.930 1.430 644
Element:    1045  0.200    2.5    0.00 0.000500  1682M0 -1000.0  1000.0 -3177.40 0.117000    0.000    0.000    0.000  291.190 1.440 645
Element:    1046  0.200    2.5    0.00 0.000500  1667M0 -1000.0  1000.0 -3179.07 0.117000    0.000    0.000    0.000  292.460 1.440 646
Element:    1047  0.200    2.5    0.00 0.000500  1683M0 -1000.0  1000.0 -3176.13 0.117000    0.000    0.000    0.000  293.730 1.450 647
Element:    1048  0.200    2.5    0.00 0.000500  1668M0 -1000.0  1000.0 -3187.69 0.117000    0.000    0.000    0.000  295.020 1.420 648
Element:    1049  0.200    2.5    0.00 0.000500  1684M0 -1000.0  1000.0 -3189.23 0.117000    0.000    0.000    0.000  296.270 1.390 649
Element:    1050  0.200    2.5    0.00 0.000500  1669M0 -1000.0  1000.0 -3206.65 0.117000    0.000    0.000    0.000  297.540 1.400 650
Element:    1051  0.200    2.5    0.00 0.000500  1685M0 -1000.0  1000.0 -3182.04 0.117000    0.000    0.000    0.000  298.810 1.410 651
Element:    1052  0.200    2.5    0.00 0.000500  1670M0 -1000.0  1000.0 -3178.65 0.117000    0.000    0.000    0.000  300.080 1.410 652
Element:    1053  0.200    2.5    0.00 0.000500  1686M0 -1000.0  1000.0 -3000.00 0.117000    0.000    0.000    0.000  301.350 1.420 653
Element:    1054  0.200    2.5    0.00 0.000500  1671M0 -1000.0  1000.0 -3000.00 0.117000    0.000    0.000    0.000  302.620 1.430 654
Element:    1055  0.200    2.5    0.00 0.000500  1687M0 -1000.0  1000.0 -3185.04 0.117000    0.000    0.000    0.000  303.890 1.430 655
##														     	   
## G 256 - 287  Section QR											     	   
##														     	   
Element:    1056  0.200    2.5    0.00 0.000500  1688M0 -1000.0  1000.0 -3177.10 0.117000    0.000    0.000    0.000  305.160 1.440 656
Element:    1057  0.200    2.5    0.00 0.000500  1704M0 -1000.0  1000.0 -3177.23 0.117000    0.000    0.000    0.000  306.430 1.440 657
Element:    1058  0.200    2.5    0.00 0.000500  1689M0 -1000.0  1000.0 -3171.32 0.117000    0.000    0.000    0.000  307.700 1.450 658
Element:    1059  0.200    2.5    0.00 0.000500  1705M0 -1000.0  1000.0 -3168.41 0.117000    0.000    0.000    0.000  308.970 1.460 659
Element:    1060  0.200    2.5    0.00 0.000500  1690M0 -1000.0  1000.0 -3180.60 0.117000    0.000    0.000    0.000  310.260 1.430 660
Element:    1061  0.200    2.5    0.00 0.000500  1706M0 -1000.0  1000.0 -3180.91 0.117000    0.000    0.000    0.000  311.510 1.400 661
Element:    1062  0.200    2.5    0.00 0.000500  1691M0 -1000.0  1000.0 -3183.99 0.117000    0.000    0.000    0.000  312.780 1.400 662
Element:    1063  0.200    2.5    0.00 0.000500  1707M0 -1000.0  1000.0 -3092.13 0.117000    0.000    0.000    0.000  314.050 1.410 663
Element:    1064  0.200    2.5    0.00 0.000500  1692M0 -1000.0  1000.0 -3383.07 0.117000    0.000    0.000    0.000  315.320 1.420 664
Element:    1065  0.200    2.5    0.00 0.000500  1708M0 -1000.0  1000.0 -3184.53 0.117000    0.000    0.000    0.000  316.590 1.420 665
Element:    1066  0.200    2.5    0.00 0.000500  1693M0 -1000.0  1000.0 -3177.15 0.117000    0.000    0.000    0.000  317.860 1.430 666
Element:    1067  0.200    2.5    0.00 0.000500  1709M0 -1000.0  1000.0 -3186.90 0.117000    0.000    0.000    0.000  319.130 1.440 667
Element:    1068  0.200    2.5    0.00 0.000500  1694M0 -1000.0  1000.0 -3191.31 0.117000    0.000    0.000    0.000  320.400 1.440 668
Element:    1069  0.200    2.5    0.00 0.000500  1710M0 -1000.0  1000.0 -3202.33 0.117000    0.000    0.000    0.000  321.670 1.450 669
Element:    1070  0.200    2.5    0.00 0.000500  1695M0 -1000.0  1000.0 -3189.47 0.117000    0.000    0.000    0.000  322.940 1.450 670
Element:    1071  0.200    2.5    0.00 0.000500  1711M0 -1000.0  1000.0 -3191.40 0.117000    0.000    0.000    0.000  324.210 1.460 671
Element:    1072  0.200    2.5    0.00 0.000500  1696M0 -1000.0  1000.0 -3079.10 0.117000    0.000    0.000    0.000  325.490 1.440 672
Element:    1073  0.200    2.5    0.00 0.000500  1712M0 -1000.0  1000.0 -3081.44 0.117000    0.000    0.000    0.000  326.740 1.410 673
Element:    1074  0.200    2.5    0.00 0.000500  1697M0 -1000.0  1000.0 -3079.66 0.117000    0.000    0.000    0.000  328.010 1.420 674
Element:    1075  0.200    2.5    0.00 0.000500  1713M0 -1000.0  1000.0 -3079.17 0.117000    0.000    0.000    0.000  329.280 1.420 675
Element:    1076  0.200    2.5    0.00 0.000500  1698M0 -1000.0  1000.0 -3085.23 0.117000    0.000    0.000    0.000  330.550 1.430 676
Element:    1077  0.200    2.5    0.00 0.000500  1714M0 -1000.0  1000.0 -3141.10 0.117000    0.000    0.000    0.000  331.810 1.440 677
Element:    1078  0.200    2.5    0.00 0.000500  1699M0 -1000.0  1000.0 -3074.85 0.117000    0.000    0.000    0.000  333.080 1.440 678
Element:    1079  0.200    2.5    0.00 0.000500  1715M0 -1000.0  1000.0 -3079.51 0.117000    0.000    0.000    0.000  334.350 1.450 679
Element:    1080  0.200    2.5    0.00 0.000500  1700M0 -1000.0  1000.0 -3093.97 0.117000    0.000    0.000    0.000  335.610 1.450 680
Element:    1081  0.200    2.5    0.00 0.000500  1716M0 -1000.0  1000.0 -3084.24 0.117000    0.000    0.000    0.000  336.880 1.460 681
Element:    1082  0.200    2.5    0.00 0.000500  1701M0 -1000.0  1000.0 -3083.41 0.117000    0.000    0.000    0.000  338.140 1.470 682
Element:    1083  0.200    2.5    0.00 0.000500  1717M0 -1000.0  1000.0 -3080.48 0.117000    0.000    0.000    0.000  339.410 1.470 683
Element:    1084  0.200    2.5    0.00 0.000500  1702M0 -1000.0  1000.0 -3077.76 0.117000    0.000    0.000    0.000  340.690 1.440 684
Element:    1085  0.200    2.5    0.00 0.000500  1718M0 -1000.0  1000.0 -3068.52 0.117000    0.000    0.000    0.000  341.940 1.410 685
Element:    1086  0.200    2.5    0.00 0.000500  1703M0 -1000.0  1000.0 -3072.35 0.117000    0.000    0.000    0.000  343.200 1.410 686
Element:    1087  0.200    2.5    0.00 0.000500  1719M0 -1000.0  1000.0 -3073.21 0.117000    0.000    0.000    0.000  344.470 1.420 687
##														     	   
## G 288 - 319  Section ST											     	   
##														     	   
Element:    1088  0.200    2.5    0.00 0.000500  1720M0 -1000.0  1000.0 -3083.93 0.117000    0.000    0.000    0.000  345.730 1.420 688
Element:    1089  0.200    2.5    0.00 0.000500  1736M0 -1000.0  1000.0 -2920.90 0.117000    0.000    0.000    0.000  346.990 1.430 689
Element:    1090  0.200    2.5    0.00 0.000500  1721M0 -1000.0  1000.0 -3087.46 0.117000    0.000    0.000    0.000  348.260 1.430 690
Element:    1091  0.200    2.5    0.00 0.000500  1737M0 -1000.0  1000.0 -3099.33 0.117000    0.000    0.000    0.000  349.520 1.440 691
Element:    1092  0.200    2.5    0.00 0.000500  1722M0 -1000.0  1000.0 -3093.33 0.117000    0.000    0.000    0.000  350.780 1.450 692
Element:    1093  0.200    2.5    0.00 0.000500  1738M0 -1000.0  1000.0 -3094.74 0.117000    0.000    0.000    0.000  352.040 1.450 693
Element:    1094  0.200    2.5    0.00 0.000500  1723M0 -1000.0  1000.0 -3089.37 0.117000    0.000    0.000    0.000  353.300 1.460 694
Element:    1095  0.200    2.5    0.00 0.000500  1739M0 -1000.0  1000.0 -3094.25 0.117000    0.000    0.000    0.000  354.560 1.460 695
Element:    1096  0.200    2.5    0.00 0.000500  1724M0 -1000.0  1000.0 -3083.23 0.117000    0.000    0.000    0.000  355.840 1.440 696
Element:    1097  0.200    2.5    0.00 0.000500  1740M0 -1000.0  1000.0 -3084.77 0.117000    0.000    0.000    0.000  357.080 1.410 697
Element:    1098  0.200    2.5    0.00 0.000500  1725M0 -1000.0  1000.0 -3081.49 0.117000    0.000    0.000    0.000  358.340 1.420 698
Element:    1099  0.200    2.5    0.00 0.000500  1741M0 -1000.0  1000.0 -3085.63 0.117000    0.000    0.000    0.000  359.590 1.420 699
Element:    1100  0.200    2.5    0.00 0.000500  1726M0 -1000.0  1000.0 -3083.80 0.117000    0.000    0.000    0.000  360.850 1.430 700
Element:    1101  0.200    2.5    0.00 0.000500  1742M0 -1000.0  1000.0 -3079.70 0.117000    0.000    0.000    0.000  362.110 1.430 701
Element:    1102  0.200    2.5    0.00 0.000500  1727M0 -1000.0  1000.0 -3074.24 0.117000    0.000    0.000    0.000  363.360 1.440 702
Element:    1103  0.200    2.5    0.00 0.000500  1743M0 -1000.0  1000.0 -3068.39 0.117000    0.000    0.000    0.000  364.620 1.440 703
Element:    1104  0.200    2.5    0.00 0.000500  1728M0 -1000.0  1000.0 -3074.96 0.117000    0.000    0.000    0.000  365.870 1.450 704
Element:    1105  0.200    2.5    0.00 0.000500  1744M0 -1000.0  1000.0 -3076.84 0.117000    0.000    0.000    0.000  367.130 1.450 705
Element:    1106  0.200    2.5    0.00 0.000500  1729M0 -1000.0  1000.0 -3084.35 0.117000    0.000    0.000    0.000  368.380 1.460 706
Element:    1107  0.200    2.5    0.00 0.000500  1745M0 -1000.0  1000.0 -3076.73 0.117000    0.000    0.000    0.000  369.640 1.460 707
Element:    1108  0.200    2.5    0.00 0.000500  1730M0 -1000.0  1000.0 -3090.01 0.117000    0.000    0.000    0.000  370.900 1.440 708
Element:    1109  0.200    2.5    0.00 0.000500  1746M0 -1000.0  1000.0 -3083.03 0.117000    0.000    0.000    0.000  372.140 1.410 709
Element:    1110  0.200    2.5    0.00 0.000500  1731M0 -1000.0  1000.0 -3090.86 0.117000    0.000    0.000    0.000  373.390 1.410 710
Element:    1111  0.200    2.5    0.00 0.000500  1747M0 -1000.0  1000.0 -3084.83 0.117000    0.000    0.000    0.000  374.640 1.420 711
Element:    1112  0.200    2.5    0.00 0.000500  1732M0 -1000.0  1000.0 -3091.53 0.117000    0.000    0.000    0.000  375.890 1.420 712
Element:    1113  0.200    2.5    0.00 0.000500  1748M0 -1000.0  1000.0 -3071.60 0.117000    0.000    0.000    0.000  377.140 1.430 713
Element:    1114  0.200    2.5    0.00 0.000500  1733M0 -1000.0  1000.0 -3075.35 0.117000    0.000    0.000    0.000  378.390 1.430 714
Element:    1115  0.200    2.5    0.00 0.000500  1749M0 -1000.0  1000.0 -3081.09 0.117000    0.000    0.000    0.000  379.630 1.440 715
Element:    1116  0.200    2.5    0.00 0.000500  1734M0 -1000.0  1000.0 -3075.97 0.117000    0.000    0.000    0.000  380.880 1.450 716
Element:    1117  0.200    2.5    0.00 0.000500  1750M0 -1000.0  1000.0 -3081.03 0.117000    0.000    0.000    0.000  382.130 1.450 717
Element:    1118  0.200    2.5    0.00 0.000500  1735M0 -1000.0  1000.0 -3076.06 0.117000    0.000    0.000    0.000  383.370 1.460 718
Element:    1119  0.200    2.5    0.00 0.000500  1751M0 -1000.0  1000.0 -3066.96 0.117000    0.000    0.000    0.000  384.620 1.460 719
##														     	   
## G 320 - 351  Section UV											     	   
##														     	   
Element:    1120  0.200    2.5    0.00 0.000500  1752M0 -1000.0  1000.0 -3000.00 0.117000    0.000    0.000    0.000  385.860 1.470 720
Element:    1121  0.200    2.5    0.00 0.000500  1768M0 -1000.0  1000.0 -3000.00 0.117000    0.000    0.000    0.000  387.120 1.440 721
Element:    1122  0.200    2.5    0.00 0.000500  1753M0 -1000.0  1000.0 -3000.00 0.117000    0.000    0.000    0.000  388.340 1.410 722
Element:    1123  0.200    2.5    0.00 0.000500  1769M0 -1000.0  1000.0 -3000.00 0.117000    0.000    0.000    0.000  389.580 1.410 723
Element:    1124  0.200    2.5    0.00 0.000500  1754M0 -1000.0  1000.0 -3000.00 0.117000    0.000    0.000    0.000  390.830 1.420 724
Element:    1125  0.200    2.5    0.00 0.000500  1770M0 -1000.0  1000.0 -3000.00 0.117000    0.000    0.000    0.000  392.060 1.420 725
Element:    1126  0.200    2.5    0.00 0.000500  1755M0 -1000.0  1000.0 -3000.00 0.117000    0.000    0.000    0.000  393.300 1.430 726
Element:    1127  0.200    2.5    0.00 0.000500  1771M0 -1000.0  1000.0 -3000.00 0.117000    0.000    0.000    0.000  394.540 1.430 727
Element:    1128  0.200    2.5    0.00 0.000500  1756M0 -1000.0  1000.0 -3000.00 0.117000    0.000    0.000    0.000  395.780 1.440 728
Element:    1129  0.200    2.5    0.00 0.000500  1772M0 -1000.0  1000.0 -2995.54 0.117000    0.000    0.000    0.000  397.010 1.440 729
Element:    1130  0.200    2.5    0.00 0.000500  1757M0 -1000.0  1000.0 -2995.54 0.117000    0.000    0.000    0.000  398.250 1.450 730
Element:    1131  0.200    2.5    0.00 0.000500  1773M0 -1000.0  1000.0 -3000.00 0.117000    0.000    0.000    0.000  399.480 1.450 731
Element:    1132  0.200    2.5    0.00 0.000500  1758M0 -1000.0  1000.0 -3000.00 0.117000    0.000    0.000    0.000  400.720 1.460 732
Element:    1133  0.200    2.5    0.00 0.000500  1774M0 -1000.0  1000.0 -3000.00 0.117000    0.000    0.000    0.000  401.950 1.460 733
Element:    1134  0.200    2.5    0.00 0.000500  1759M0 -1000.0  1000.0 -3000.00 0.117000    0.000    0.000    0.000  403.200 1.430 734
Element:    1135  0.200    2.5    0.00 0.000500  1775M0 -1000.0  1000.0 -3000.00 0.117000    0.000    0.000    0.000  404.410 1.400 735
Element:    1136  0.200    2.5    0.00 0.000500  1760M0 -1000.0  1000.0 -3000.00 0.117000    0.000    0.000    0.000  405.640 1.410 736
Element:    1137  0.200    2.5    0.00 0.000500  1776M0 -1000.0  1000.0 -3000.00 0.117000    0.000    0.000    0.000  406.870 1.410 737
Element:    1138  0.200    2.5    0.00 0.000500  1761M0 -1000.0  1000.0 -3000.00 0.117000    0.000    0.000    0.000  408.100 1.420 738
Element:    1139  0.200    2.5    0.00 0.000500  1777M0 -1000.0  1000.0 -3000.00 0.117000    0.000    0.000    0.000  409.330 1.420 739
Element:    1140  0.200    2.5    0.00 0.000500  1762M0 -1000.0  1000.0 -3000.00 0.117000    0.000    0.000    0.000  410.550 1.430 740
Element:    1141  0.200    2.5    0.00 0.000500  1778M0 -1000.0  1000.0 -3000.00 0.117000    0.000    0.000    0.000  411.780 1.430 741
Element:    1142  0.200    2.5    0.00 0.000500  1763M0 -1000.0  1000.0 -3060.55 0.117000    0.000    0.000    0.000  413.000 1.440 742
Element:    1143  0.200    2.5    0.00 0.000500  1779M0 -1000.0  1000.0 -3000.00 0.117000    0.000    0.000    0.000  414.230 1.440 743
Element:    1144  0.200    2.5    0.00 0.000500  1764M0 -1000.0  1000.0 -3000.00 0.117000    0.000    0.000    0.000  415.450 1.450 744
Element:    1145  0.200    2.5    0.00 0.000500  1780M0 -1000.0  1000.0 -3000.00 0.117000    0.000    0.000    0.000  416.670 1.450 745
Element:    1146  0.200    2.5    0.00 0.000500  1765M0 -1000.0  1000.0 -3000.00 0.117000    0.000    0.000    0.000  417.890 1.460 746
Element:    1147  0.200    2.5    0.00 0.000500  1781M0 -1000.0  1000.0 -3000.00 0.117000    0.000    0.000    0.000  419.130 1.430 747
Element:    1148  0.200    2.5    0.00 0.000500  1766M0 -1000.0  1000.0 -3000.00 0.117000    0.000    0.000    0.000  420.330 1.390 748
Element:    1149  0.200    2.5    0.00 0.000500  1782M0 -1000.0  1000.0 -3000.00 0.117000    0.000    0.000    0.000  421.550 1.400 749
Element:    1150  0.200    2.5    0.00 0.000500  1767M0 -1000.0  1000.0 -3000.00 0.117000    0.000    0.000    0.000  422.760 1.400 750
Element:    1151  0.200    2.5    0.00 0.000500  1783M0 -1000.0  1000.0 -3000.00 0.117000    0.000    0.000    0.000  423.980 1.410 751
Initialise: 
Display: 1D Nhits       32 0 32
Display: 1D NhitsPrompt 32 0 32
Display: 1D NhitsRand   32 0 32
Display: 1D Hits        352 0 352
Display: 1D HitsPrompt  352 0 352
Display: 1D HitsRand    352 0 352
#Display: 1D EnergyOR    200 0 2.5
Display: 1D TimeOR     1000 -250.0 150.0
#Display: 1D Energy 100 0 2.5   0 352
#Display: 1D Time  1000 -250.0 150.0   0 352
Display: 1D Eelect   352 v2u_plot/v2u_450_plot.ehist
Display: 1D ScalerCurr 352 0 352
Display: 1D ScalerAcc  352 0 352
Display: 1D Doubles  	352 0 352
Display: 1D NDoubles  	32 0 32
#Display: 2D EnergyOR 100 0 2.5 -1 Hits 352 0 352 -1
#Display: 2D EnergyOR 100 0 2.5 -1 Doubles 352 0 352 -1
Display: 2D TimeOR   200 -250.0 150.0 -1 Hits 352 0 352 -1
Display: 2D TimeOR   200 -250.0 150.0 -1 Doubles 352 0 352 -1


