##     Ladder file with recalibration of electron energies
##     Generated by macro LadderNewCal.C, J.R.M. Annand, 11th November 2008
##     Offset-Scalers AcquRoot Detector file
##     Macro ScalerOffset, J.R.M. Annand, 28th March 2007
##     Ladder file with recalibration of electron energies
##     Generated by macro LadderNewCal.C, J.R.M. Annand, 11th November 2008
##     Offset-Scalers AcquRoot Detector file
##     Macro ScalerOffset, J.R.M. Annand, 28th March 2007
##  Auto-Generated Tagger-Ladder Config File
##  ROOT Macro DM_LadderGen.C D.M. 05/10/2010 
##  Adapdted from the file LadderGen.C by  J.R.M. Annand
##
##	#FP	Energy	Time	Pos
Size: 	352 	0 	1 	1
##	Scalers	Calib	Overlap	Micro	#trig	Toff	Tres
Misc:	1	1	1	0	0.0	-50	0.0
##
Window: 16. 24. -20. -12. 
##
## G 0 - 31  Section AB
##
Element: 816 0.2 2.5 0.0 0.00050 1438M0 -250.0 150.0 -3289 0.1170 0 0 0 110.294 1.982 2865
Element: 800 0.2 2.5 0.0 0.00050 1432M0 -250.0 150.0 -3279 0.1170 0 0 0 112.291 2.065 2867
Element: 817 0.2 2.5 0.0 0.00050 1454M0 -250.0 150.0 -3282 0.1170 0 0 0 114.373 2.149 2869
Element: 801 0.2 2.5 0.0 0.00050 1448M0 -250.0 150.0 -3295 0.1170 0 0 0 116.537 2.231 2871
Element: 818 0.2 2.5 0.0 0.00050 1439M0 -250.0 150.0 -3289 0.1170 0 0 0 118.785 2.318 2873
Element: 802 0.2 2.5 0.0 0.00050 1433M0 -250.0 150.0 -3297 0.1170 0 0 0 121.118 2.408 2875
Element: 819 0.2 2.5 0.0 0.00050 1455M0 -250.0 150.0 -3300 0.1170 0 0 0 123.544 2.500 2877
Element: 803 0.2 2.5 0.0 0.00050 1449M0 -250.0 150.0 -3300 0.1170 0 0 0 126.061 2.591 2879
Element: 820 0.2 2.5 0.0 0.00050 1440M0 -250.0 150.0 -3285 0.1170 0 0 0 128.665 2.680 2881
Element: 804 0.2 2.5 0.0 0.00050 1434M0 -250.0 150.0 -3295 0.1170 0 0 0 131.354 2.765 2883
Element: 821 0.2 2.5 0.0 0.00050 1456M0 -250.0 150.0 -3284 0.1170 0 0 0 134.125 2.847 2885
Element: 805 0.2 2.5 0.0 0.00050 1450M0 -250.0 150.0 -3300 0.1170 0 0 0 136.976 2.923 2887
Element: 822 0.2 2.5 0.0 0.00050 1441M0 -250.0 150.0 -3293 0.1170 0 0 0 139.900 2.996 2864
Element: 806 0.2 2.5 0.0 0.00050 1435M0 -250.0 150.0 -3292 0.1170 0 0 0 142.892 3.063 2866
Element: 823 0.2 2.5 0.0 0.00050 1457M0 -250.0 150.0 -3285 0.1170 0 0 0 145.947 3.124 2868
Element: 807 0.2 2.5 0.0 0.00050 1451M0 -250.0 150.0 -3297 0.1170 0 0 0 149.056 3.176 2870
Element: 824 0.2 2.5 0.0 0.00050 1442M0 -250.0 150.0 -3366 0.1170 0 0 0 152.213 3.223 2872
Element: 808 0.2 2.5 0.0 0.00050 1436M0 -250.0 150.0 -3305 0.1170 0 0 0 155.407 3.257 2874
Element: 825 0.2 2.5 0.0 0.00050 1458M0 -250.0 150.0 -3376 0.1170 0 0 0 158.634 3.283 2876
Element: 809 0.2 2.5 0.0 0.00050 1452M0 -250.0 150.0 -3340 0.1170 0 0 0 161.878 3.301 2878
Element: 826 0.2 2.5 0.0 0.00050 1443M0 -250.0 150.0 -3297 0.1170 0 0 0 165.134 3.301 2880
Element: 810 0.2 2.5 0.0 0.00050 1437M0 -250.0 150.0 -3301 0.1170 0 0 0 168.387 3.293 2882
Element: 827 0.2 2.5 0.0 0.00050 1459M0 -250.0 150.0 -3297 0.1170 0 0 0 171.630 3.273 2884
Element: 811 0.2 2.5 0.0 0.00050 1453M0 -250.0 150.0 -3295 0.1170 0 0 0 174.849 3.243 2886
Element: 828 0.2 2.5 0.0 0.00050 1444M0 -250.0 150.0 -3295 0.1170 0 0 0 178.034 3.206 2888
Element: 829 0.2 2.5 0.0 0.00050 1460M0 -250.0 150.0 -3286 0.1170 0 0 0 181.179 3.162 2889
Element: 830 0.2 2.5 0.0 0.00050 1445M0 -250.0 150.0 -3289 0.1170 0 0 0 184.276 3.110 2890
Element: 831 0.2 2.5 0.0 0.00050 1461M0 -250.0 150.0 -3288 0.1170 0 0 0 187.321 3.060 2891
Element: 812 0.2 2.5 0.0 0.00050 1446M0 -250.0 150.0 -3287 0.1170 0 0 0 190.312 3.006 2892
Element: 813 0.2 2.5 0.0 0.00050 1462M0 -250.0 150.0 -3285 0.1170 0 0 0 193.249 2.956 2893
Element: 814 0.2 2.5 0.0 0.00050 1447M0 -250.0 150.0 -3300 0.1170 0 0 0 196.138 2.911 2894
Element: 815 0.2 2.5 0.0 0.00050 1463M0 -250.0 150.0 -3289 0.1170 0 0 0 198.987 2.871 2895
##						          			            
## G 32 - 63  Section CD			          			            
##						          			            
Element: 832 0.2 2.5 0.0 0.00050 1464M0 -250.0 150.0 -3307 0.1170 0 0 0 201.778 2.880 2064
Element: 833 0.2 2.5 0.0 0.00050 1480M0 -250.0 150.0 -3309 0.1170 0 0 0 204.580 2.932 2065
Element: 834 0.2 2.5 0.0 0.00050 1465M0 -250.0 150.0 -3299 0.1170 0 0 0 207.368 2.971 2066
Element: 835 0.2 2.5 0.0 0.00050 1481M0 -250.0 150.0 -3310 0.1170 0 0 0 210.164 2.995 2067
Element: 836 0.2 2.5 0.0 0.00050 1466M0 -250.0 150.0 -3302 0.1170 0 0 0 212.978 3.008 2068
Element: 837 0.2 2.5 0.0 0.00050 1482M0 -250.0 150.0 -3301 0.1170 0 0 0 215.814 3.027 2069
Element: 838 0.2 2.5 0.0 0.00050 1467M0 -250.0 150.0 -3300 0.1170 0 0 0 218.702 2.977 2070
Element: 839 0.2 2.5 0.0 0.00050 1483M0 -250.0 150.0 -3297 0.1170 0 0 0 221.525 2.928 2071
Element: 840 0.2 2.5 0.0 0.00050 1468M0 -250.0 150.0 -3298 0.1170 0 0 0 224.394 2.954 2072
Element: 841 0.2 2.5 0.0 0.00050 1484M0 -250.0 150.0 -3297 0.1170 0 0 0 227.276 2.984 2073
Element: 842 0.2 2.5 0.0 0.00050 1469M0 -250.0 150.0 -3291 0.1170 0 0 0 230.169 3.010 2074
Element: 843 0.2 2.5 0.0 0.00050 1485M0 -250.0 150.0 -3299 0.1170 0 0 0 233.071 3.041 2075
Element: 844 0.2 2.5 0.0 0.00050 1470M0 -250.0 150.0 -3288 0.1170 0 0 0 235.986 3.068 2076
Element: 845 0.2 2.5 0.0 0.00050 1486M0 -250.0 150.0 -3296 0.1170 0 0 0 238.911 3.098 2077
Element: 846 0.2 2.5 0.0 0.00050 1471M0 -250.0 150.0 -3287 0.1170 0 0 0 241.847 3.126 2078
Element: 847 0.2 2.5 0.0 0.00050 1487M0 -250.0 150.0 -3293 0.1170 0 0 0 244.792 3.154 2079
Element: 848 0.2 2.5 0.0 0.00050 1472M0 -250.0 150.0 -3291 0.1170 0 0 0 247.789 3.106 2080
Element: 849 0.2 2.5 0.0 0.00050 1488M0 -250.0 150.0 -3290 0.1170 0 0 0 250.720 3.055 2081
Element: 850 0.2 2.5 0.0 0.00050 1473M0 -250.0 150.0 -3298 0.1170 0 0 0 253.701 3.086 2082
Element: 851 0.2 2.5 0.0 0.00050 1489M0 -250.0 150.0 -3296 0.1170 0 0 0 256.692 3.112 2083
Element: 852 0.2 2.5 0.0 0.00050 1474M0 -250.0 150.0 -3298 0.1170 0 0 0 259.694 3.142 2084
Element: 853 0.2 2.5 0.0 0.00050 1490M0 -250.0 150.0 -3285 0.1170 0 0 0 262.709 3.170 2085
Element: 854 0.2 2.5 0.0 0.00050 1475M0 -250.0 150.0 -3293 0.1170 0 0 0 265.736 3.197 2086
Element: 855 0.2 2.5 0.0 0.00050 1491M0 -250.0 150.0 -3288 0.1170 0 0 0 268.774 3.226 2087
Element: 856 0.2 2.5 0.0 0.00050 1476M0 -250.0 150.0 -3295 0.1170 0 0 0 271.855 3.191 2088
Element: 857 0.2 2.5 0.0 0.00050 1492M0 -250.0 150.0 -3290 0.1170 0 0 0 274.882 3.151 2089
Element: 858 0.2 2.5 0.0 0.00050 1477M0 -250.0 150.0 -3288 0.1170 0 0 0 277.955 3.180 2090
Element: 859 0.2 2.5 0.0 0.00050 1493M0 -250.0 150.0 -3291 0.1170 0 0 0 281.039 3.208 2091
Element: 860 0.2 2.5 0.0 0.00050 1478M0 -250.0 150.0 -3297 0.1170 0 0 0 284.134 3.237 2092
Element: 861 0.2 2.5 0.0 0.00050 1494M0 -250.0 150.0 -3497 0.1170 0 0 0 287.241 3.264 2093
Element: 862 0.2 2.5 0.0 0.00050 1479M0 -250.0 150.0 -3562 0.1170 0 0 0 290.361 3.293 2094
Element: 863 0.2 2.5 0.0 0.00050 1495M0 -250.0 150.0 -3555 0.1170 0 0 0 293.492 3.325 2095
##						          			            
## G 64 - 95  Section EF			          			            
##						          			            
Element: 864 0.2 2.5 0.0 0.00050 1496M0 -250.0 150.0 -3290 0.1170 0 0 0 296.634 3.353 2576
Element: 865 0.2 2.5 0.0 0.00050 1512M0 -250.0 150.0 -3292 0.1170 0 0 0 299.788 3.382 2577
Element: 866 0.2 2.5 0.0 0.00050 1497M0 -250.0 150.0 -3302 0.1170 0 0 0 302.953 3.410 2578
Element: 867 0.2 2.5 0.0 0.00050 1513M0 -250.0 150.0 -3299 0.1170 0 0 0 306.171 3.358 2579
Element: 868 0.2 2.5 0.0 0.00050 1498M0 -250.0 150.0 -3295 0.1170 0 0 0 309.319 3.304 2580
Element: 869 0.2 2.5 0.0 0.00050 1514M0 -250.0 150.0 -3300 0.1170 0 0 0 312.519 3.333 2581
Element: 870 0.2 2.5 0.0 0.00050 1499M0 -250.0 150.0 -3295 0.1170 0 0 0 315.732 3.361 2582
Element: 871 0.2 2.5 0.0 0.00050 1515M0 -250.0 150.0 -3297 0.1170 0 0 0 318.956 3.390 2583
Element: 872 0.2 2.5 0.0 0.00050 1500M0 -250.0 150.0 -3294 0.1170 0 0 0 322.192 3.420 2584
Element: 873 0.2 2.5 0.0 0.00050 1516M0 -250.0 150.0 -3296 0.1170 0 0 0 325.439 3.448 2585
Element: 874 0.2 2.5 0.0 0.00050 1501M0 -250.0 150.0 -3286 0.1170 0 0 0 328.698 3.477 2586
Element: 875 0.2 2.5 0.0 0.00050 1517M0 -250.0 150.0 -3300 0.1170 0 0 0 331.968 3.508 2587
Element: 876 0.2 2.5 0.0 0.00050 1502M0 -250.0 150.0 -3300 0.1170 0 0 0 335.286 3.467 2588
Element: 877 0.2 2.5 0.0 0.00050 1518M0 -250.0 150.0 -3295 0.1170 0 0 0 338.545 3.423 2589
Element: 878 0.2 2.5 0.0 0.00050 1503M0 -250.0 150.0 -3287 0.1170 0 0 0 341.849 3.453 2590
Element: 879 0.2 2.5 0.0 0.00050 1519M0 -250.0 150.0 -3294 0.1170 0 0 0 345.167 3.480 2591
Element: 880 0.2 2.5 0.0 0.00050 1504M0 -250.0 150.0 -3290 0.1170 0 0 0 348.495 3.512 2592
Element: 881 0.2 2.5 0.0 0.00050 1520M0 -250.0 150.0 -3296 0.1170 0 0 0 351.833 3.538 2593
Element: 882 0.2 2.5 0.0 0.00050 1505M0 -250.0 150.0 -3304 0.1170 0 0 0 355.185 3.568 2594
Element: 883 0.2 2.5 0.0 0.00050 1521M0 -250.0 150.0 -3295 0.1170 0 0 0 358.548 3.597 2595
Element: 884 0.2 2.5 0.0 0.00050 1506M0 -250.0 150.0 -3301 0.1170 0 0 0 361.922 3.627 2596
Element: 885 0.2 2.5 0.0 0.00050 1522M0 -250.0 150.0 -3295 0.1170 0 0 0 365.344 3.582 2597
Element: 886 0.2 2.5 0.0 0.00050 1507M0 -250.0 150.0 -3302 0.1170 0 0 0 368.704 3.537 2598
Element: 887 0.2 2.5 0.0 0.00050 1523M0 -250.0 150.0 -3302 0.1170 0 0 0 372.112 3.564 2599
Element: 888 0.2 2.5 0.0 0.00050 1508M0 -250.0 150.0 -3299 0.1170 0 0 0 375.532 3.595 2600
Element: 889 0.2 2.5 0.0 0.00050 1524M0 -250.0 150.0 -3283 0.1170 0 0 0 378.962 3.624 2601
Element: 890 0.2 2.5 0.0 0.00050 1509M0 -250.0 150.0 -3293 0.1170 0 0 0 382.403 3.652 2602
Element: 891 0.2 2.5 0.0 0.00050 1525M0 -250.0 150.0 -3295 0.1170 0 0 0 385.856 3.682 2603
Element: 892 0.2 2.5 0.0 0.00050 1510M0 -250.0 150.0 -3291 0.1170 0 0 0 389.320 3.711 2604
Element: 893 0.2 2.5 0.0 0.00050 1526M0 -250.0 150.0 -3279 0.1170 0 0 0 392.795 3.740 2605
Element: 894 0.2 2.5 0.0 0.00050 1511M0 -250.0 150.0 -3286 0.1170 0 0 0 396.315 3.704 2606
Element: 895 0.2 2.5 0.0 0.00050 1527M0 -250.0 150.0 -3281 0.1170 0 0 0 399.778 3.664 2607
##						          			            
## G 96 - 127  Section GH			          			            
##						          			            
Element: 896 0.2 2.5 0.0 0.00050 1528M0 -250.0 150.0 -3289 0.1170 0 0 0 403.285 3.693 2288
Element: 897 0.2 2.5 0.0 0.00050 1544M0 -250.0 150.0 -3295 0.1170 0 0 0 406.804 3.722 2289
Element: 898 0.2 2.5 0.0 0.00050 1529M0 -250.0 150.0 -3291 0.1170 0 0 0 410.333 3.751 2290
Element: 899 0.2 2.5 0.0 0.00050 1545M0 -250.0 150.0 -3285 0.1170 0 0 0 413.874 3.780 2291
Element: 900 0.2 2.5 0.0 0.00050 1530M0 -250.0 150.0 -3293 0.1170 0 0 0 417.425 3.810 2292
Element: 901 0.2 2.5 0.0 0.00050 1546M0 -250.0 150.0 -3299 0.1170 0 0 0 420.986 3.841 2293
Element: 902 0.2 2.5 0.0 0.00050 1531M0 -250.0 150.0 -3292 0.1170 0 0 0 424.559 3.869 2294
Element: 903 0.2 2.5 0.0 0.00050 1547M0 -250.0 150.0 -3283 0.1170 0 0 0 428.183 3.816 2295
Element: 904 0.2 2.5 0.0 0.00050 1532M0 -250.0 150.0 -3288 0.1170 0 0 0 431.735 3.762 2296
Element: 905 0.2 2.5 0.0 0.00050 1548M0 -250.0 150.0 -3290 0.1170 0 0 0 435.340 3.791 2297
Element: 906 0.2 2.5 0.0 0.00050 1533M0 -250.0 150.0 -3285 0.1170 0 0 0 438.953 3.821 2298
Element: 907 0.2 2.5 0.0 0.00050 1549M0 -250.0 150.0 -3300 0.1170 0 0 0 442.579 3.849 2299
Element: 908 0.2 2.5 0.0 0.00050 1534M0 -250.0 150.0 -3274 0.1170 0 0 0 446.213 3.878 2300
Element: 909 0.2 2.5 0.0 0.00050 1550M0 -250.0 150.0 -3281 0.1170 0 0 0 449.859 3.908 2301
Element: 910 0.2 2.5 0.0 0.00050 1535M0 -250.0 150.0 -3271 0.1170 0 0 0 453.514 3.936 2302
Element: 911 0.2 2.5 0.0 0.00050 1551M0 -250.0 150.0 -3279 0.1170 0 0 0 457.180 3.966 2303
Element: 912 0.2 2.5 0.0 0.00050 1536M0 -250.0 150.0 -3284 0.1170 0 0 0 460.855 3.995 2304
Element: 913 0.2 2.5 0.0 0.00050 1552M0 -250.0 150.0 -3287 0.1170 0 0 0 464.579 3.950 2305
Element: 914 0.2 2.5 0.0 0.00050 1537M0 -250.0 150.0 -3289 0.1170 0 0 0 468.237 3.905 2306
Element: 915 0.2 2.5 0.0 0.00050 1553M0 -250.0 150.0 -3280 0.1170 0 0 0 471.943 3.933 2307
Element: 916 0.2 2.5 0.0 0.00050 1538M0 -250.0 150.0 -3301 0.1170 0 0 0 475.658 3.963 2308
Element: 917 0.2 2.5 0.0 0.00050 1554M0 -250.0 150.0 -3287 0.1170 0 0 0 479.384 3.991 2309
Element: 918 0.2 2.5 0.0 0.00050 1539M0 -250.0 150.0 -3284 0.1170 0 0 0 483.119 4.021 2310
Element: 919 0.2 2.5 0.0 0.00050 1555M0 -250.0 150.0 -3279 0.1170 0 0 0 486.864 4.051 2311
Element: 920 0.2 2.5 0.0 0.00050 1540M0 -250.0 150.0 -3294 0.1170 0 0 0 490.618 4.080 2312
Element: 921 0.2 2.5 0.0 0.00050 1556M0 -250.0 150.0 -3283 0.1170 0 0 0 494.382 4.109 2313
Element: 922 0.2 2.5 0.0 0.00050 1541M0 -250.0 150.0 -3295 0.1170 0 0 0 498.155 4.139 2314
Element: 923 0.2 2.5 0.0 0.00050 1557M0 -250.0 150.0 -3288 0.1170 0 0 0 501.983 4.077 2315
Element: 924 0.2 2.5 0.0 0.00050 1542M0 -250.0 150.0 -3280 0.1170 0 0 0 505.730 4.013 2316
Element: 925 0.2 2.5 0.0 0.00050 1558M0 -250.0 150.0 -3279 0.1170 0 0 0 509.531 4.041 2317
Element: 926 0.2 2.5 0.0 0.00050 1543M0 -250.0 150.0 -3287 0.1170 0 0 0 513.341 4.071 2318
Element: 927 0.2 2.5 0.0 0.00050 1559M0 -250.0 150.0 -3278 0.1170 0 0 0 517.161 4.100 2319
##						          			            
## G 128 - 159  Section IJ			          			            
##						          			            
Element: 928 0.2 2.5 0.0 0.00050 1560M0 -250.0 150.0 -3271 0.1170 0 0 0 520.990 4.130 2000
Element: 929 0.2 2.5 0.0 0.00050 1576M0 -250.0 150.0 -3267 0.1170 0 0 0 524.827 4.158 2001
Element: 930 0.2 2.5 0.0 0.00050 1561M0 -250.0 150.0 -3273 0.1170 0 0 0 528.674 4.189 2002
Element: 931 0.2 2.5 0.0 0.00050 1577M0 -250.0 150.0 -3275 0.1170 0 0 0 532.530 4.217 2003
Element: 932 0.2 2.5 0.0 0.00050 1562M0 -250.0 150.0 -3278 0.1170 0 0 0 536.395 4.246 2004
Element: 933 0.2 2.5 0.0 0.00050 1578M0 -250.0 150.0 -3274 0.1170 0 0 0 540.315 4.180 2005
Element: 934 0.2 2.5 0.0 0.00050 1563M0 -250.0 150.0 -3277 0.1170 0 0 0 544.149 4.113 2006
Element: 935 0.2 2.5 0.0 0.00050 1579M0 -250.0 150.0 -3279 0.1170 0 0 0 548.039 4.141 2007
Element: 936 0.2 2.5 0.0 0.00050 1564M0 -250.0 150.0 -3278 0.1170 0 0 0 551.938 4.171 2008
Element: 937 0.2 2.5 0.0 0.00050 1580M0 -250.0 150.0 -3277 0.1170 0 0 0 555.845 4.198 2009
Element: 938 0.2 2.5 0.0 0.00050 1565M0 -250.0 150.0 -3267 0.1170 0 0 0 559.761 4.227 2010
Element: 939 0.2 2.5 0.0 0.00050 1581M0 -250.0 150.0 -3279 0.1170 0 0 0 563.685 4.255 2011
Element: 940 0.2 2.5 0.0 0.00050 1566M0 -250.0 150.0 -3272 0.1170 0 0 0 567.617 4.284 2012
Element: 941 0.2 2.5 0.0 0.00050 1582M0 -250.0 150.0 -3275 0.1170 0 0 0 571.558 4.313 2013
Element: 942 0.2 2.5 0.0 0.00050 1567M0 -250.0 150.0 -3270 0.1170 0 0 0 575.506 4.342 2014
Element: 943 0.2 2.5 0.0 0.00050 1583M0 -250.0 150.0 -3277 0.1170 0 0 0 579.463 4.371 2015
Element: 944 0.2 2.5 0.0 0.00050 1568M0 -250.0 150.0 -3276 0.1170 0 0 0 583.477 4.299 2016
Element: 945 0.2 2.5 0.0 0.00050 1584M0 -250.0 150.0 -3271 0.1170 0 0 0 587.400 4.227 2017
Element: 946 0.2 2.5 0.0 0.00050 1569M0 -250.0 150.0 -3278 0.1170 0 0 0 591.380 4.255 2018
Element: 947 0.2 2.5 0.0 0.00050 1585M0 -250.0 150.0 -3266 0.1170 0 0 0 595.368 4.283 2019
Element: 948 0.2 2.5 0.0 0.00050 1570M0 -250.0 150.0 -3279 0.1170 0 0 0 599.363 4.313 2020
Element: 949 0.2 2.5 0.0 0.00050 1586M0 -250.0 150.0 -3268 0.1170 0 0 0 603.366 4.339 2021
Element: 950 0.2 2.5 0.0 0.00050 1571M0 -250.0 150.0 -3276 0.1170 0 0 0 607.377 4.368 2022
Element: 951 0.2 2.5 0.0 0.00050 1587M0 -250.0 150.0 -3271 0.1170 0 0 0 611.395 4.396 2023
Element: 952 0.2 2.5 0.0 0.00050 1572M0 -250.0 150.0 -3278 0.1170 0 0 0 615.420 4.425 2024
Element: 953 0.2 2.5 0.0 0.00050 1588M0 -250.0 150.0 -3262 0.1170 0 0 0 619.453 4.454 2025
Element: 954 0.2 2.5 0.0 0.00050 1573M0 -250.0 150.0 -3269 0.1170 0 0 0 623.493 4.482 2026
Element: 955 0.2 2.5 0.0 0.00050 1589M0 -250.0 150.0 -3266 0.1170 0 0 0 627.593 4.406 2027
Element: 956 0.2 2.5 0.0 0.00050 1574M0 -250.0 150.0 -3268 0.1170 0 0 0 631.594 4.327 2028
Element: 957 0.2 2.5 0.0 0.00050 1590M0 -250.0 150.0 -3266 0.1170 0 0 0 635.655 4.357 2029
Element: 958 0.2 2.5 0.0 0.00050 1575M0 -250.0 150.0 -3265 0.1170 0 0 0 639.723 4.382 2030
Element: 959 0.2 2.5 0.0 0.00050 1591M0 -250.0 150.0 -3263 0.1170 0 0 0 643.798 4.412 2031
##						          			            
## G 160 - 191  Section KL			          			            
##						          			            
Element: 960 0.2 2.5 0.0 0.00050 1592M0 -250.0 150.0 -3268 0.1170 0 0 0 647.879 4.439 2352
Element: 961 0.2 2.5 0.0 0.00050 1608M0 -250.0 150.0 -3275 0.1170 0 0 0 651.967 4.468 2353
Element: 962 0.2 2.5 0.0 0.00050 1593M0 -250.0 150.0 -3270 0.1170 0 0 0 656.062 4.495 2354
Element: 963 0.2 2.5 0.0 0.00050 1609M0 -250.0 150.0 -3270 0.1170 0 0 0 660.163 4.524 2355
Element: 964 0.2 2.5 0.0 0.00050 1594M0 -250.0 150.0 -3267 0.1170 0 0 0 664.271 4.551 2356
Element: 965 0.2 2.5 0.0 0.00050 1610M0 -250.0 150.0 -3265 0.1170 0 0 0 668.385 4.578 2357
Element: 966 0.2 2.5 0.0 0.00050 1595M0 -250.0 150.0 -3260 0.1170 0 0 0 672.560 4.499 2358
Element: 967 0.2 2.5 0.0 0.00050 1611M0 -250.0 150.0 -3269 0.1170 0 0 0 676.632 4.415 2359
Element: 968 0.2 2.5 0.0 0.00050 1596M0 -250.0 150.0 -3271 0.1170 0 0 0 680.765 4.441 2360
Element: 969 0.2 2.5 0.0 0.00050 1612M0 -250.0 150.0 -3272 0.1170 0 0 0 684.904 4.470 2361
Element: 970 0.2 2.5 0.0 0.00050 1597M0 -250.0 150.0 -3266 0.1170 0 0 0 689.049 4.497 2362
Element: 971 0.2 2.5 0.0 0.00050 1613M0 -250.0 150.0 -3266 0.1170 0 0 0 693.199 4.524 2363
Element: 972 0.2 2.5 0.0 0.00050 1598M0 -250.0 150.0 -3268 0.1170 0 0 0 697.356 4.552 2364
Element: 973 0.2 2.5 0.0 0.00050 1614M0 -250.0 150.0 -3275 0.1170 0 0 0 701.518 4.578 2365
Element: 974 0.2 2.5 0.0 0.00050 1599M0 -250.0 150.0 -3259 0.1170 0 0 0 705.686 4.608 2366
Element: 975 0.2 2.5 0.0 0.00050 1615M0 -250.0 150.0 -3266 0.1170 0 0 0 709.859 4.634 2367
Element: 976 0.2 2.5 0.0 0.00050 1600M0 -250.0 150.0 -3270 0.1170 0 0 0 714.038 4.662 2368
Element: 977 0.2 2.5 0.0 0.00050 1616M0 -250.0 150.0 -3269 0.1170 0 0 0 718.271 4.593 2369
Element: 978 0.2 2.5 0.0 0.00050 1601M0 -250.0 150.0 -3265 0.1170 0 0 0 722.412 4.518 2370
Element: 979 0.2 2.5 0.0 0.00050 1617M0 -250.0 150.0 -3256 0.1170 0 0 0 726.607 4.546 2371
Element: 980 0.2 2.5 0.0 0.00050 1602M0 -250.0 150.0 -3276 0.1170 0 0 0 730.807 4.573 2372
Element: 981 0.2 2.5 0.0 0.00050 1618M0 -250.0 150.0 -3261 0.1170 0 0 0 735.013 4.600 2373
Element: 982 0.2 2.5 0.0 0.00050 1603M0 -250.0 150.0 -3272 0.1170 0 0 0 739.223 4.627 2374
Element: 983 0.2 2.5 0.0 0.00050 1619M0 -250.0 150.0 -3262 0.1170 0 0 0 743.439 4.655 2375
Element: 984 0.2 2.5 0.0 0.00050 1604M0 -250.0 150.0 -3270 0.1170 0 0 0 747.659 4.681 2376
Element: 985 0.2 2.5 0.0 0.00050 1620M0 -250.0 150.0 -3264 0.1170 0 0 0 751.884 4.707 2377
Element: 986 0.2 2.5 0.0 0.00050 1605M0 -250.0 150.0 -3257 0.1170 0 0 0 756.114 4.735 2378
Element: 987 0.2 2.5 0.0 0.00050 1621M0 -250.0 150.0 -3292 0.1170 0 0 0 760.349 4.762 2379
Element: 988 0.2 2.5 0.0 0.00050 1606M0 -250.0 150.0 -3262 0.1170 0 0 0 764.648 4.670 2380
Element: 989 0.2 2.5 0.0 0.00050 1622M0 -250.0 150.0 -3248 0.1170 0 0 0 768.831 4.576 2381
Element: 990 0.2 2.5 0.0 0.00050 1607M0 -250.0 150.0 -3255 0.1170 0 0 0 773.080 4.602 2382
Element: 991 0.2 2.5 0.0 0.00050 1623M0 -250.0 150.0 -3245 0.1170 0 0 0 777.333 4.630 2383
##						          			            
## G 192 - 223  Section MN			          			            
##						          			            
Element: 992 0.2 2.5 0.0 0.00050 1624M0 -250.0 150.0 -3242 0.1170 0 0 0 781.590 4.655 2640
Element: 993 0.2 2.5 0.0 0.00050 1640M0 -250.0 150.0 -3263 0.1170 0 0 0 785.851 4.682 2641
Element: 994 0.2 2.5 0.0 0.00050 1625M0 -250.0 150.0 -3264 0.1170 0 0 0 790.116 4.708 2642
Element: 995 0.2 2.5 0.0 0.00050 1641M0 -250.0 150.0 -3269 0.1170 0 0 0 794.385 4.735 2643
Element: 996 0.2 2.5 0.0 0.00050 1626M0 -250.0 150.0 -3272 0.1170 0 0 0 798.659 4.761 2644
Element: 997 0.2 2.5 0.0 0.00050 1642M0 -250.0 150.0 -3269 0.1170 0 0 0 802.936 4.786 2645
Element: 998 0.2 2.5 0.0 0.00050 1627M0 -250.0 150.0 -3260 0.1170 0 0 0 807.218 4.814 2646
Element: 999 0.2 2.5 0.0 0.00050 1643M0 -250.0 150.0 -3261 0.1170 0 0 0 811.502 4.840 2647
Element: 1000 0.2 2.5 0.0 0.00050 1628M0 -250.0 150.0 -3264 0.1170 0 0 0 815.844 4.759 2648
Element: 1001 0.2 2.5 0.0 0.00050 1644M0 -250.0 150.0 -3265 0.1170 0 0 0 820.083 4.679 2649
Element: 1002 0.2 2.5 0.0 0.00050 1629M0 -250.0 150.0 -3258 0.1170 0 0 0 824.379 4.704 2650
Element: 1003 0.2 2.5 0.0 0.00050 1645M0 -250.0 150.0 -3270 0.1170 0 0 0 828.678 4.729 2651
Element: 1004 0.2 2.5 0.0 0.00050 1630M0 -250.0 150.0 -3258 0.1170 0 0 0 832.981 4.755 2652
Element: 1005 0.2 2.5 0.0 0.00050 1646M0 -250.0 150.0 -3265 0.1170 0 0 0 837.286 4.782 2653
Element: 1006 0.2 2.5 0.0 0.00050 1631M0 -250.0 150.0 -3260 0.1170 0 0 0 841.596 4.807 2654
Element: 1007 0.2 2.5 0.0 0.00050 1647M0 -250.0 150.0 -3254 0.1170 0 0 0 845.908 4.833 2655
Element: 1008 0.2 2.5 0.0 0.00050 1632M0 -250.0 150.0 -3257 0.1170 0 0 0 850.224 4.858 2656
Element: 1009 0.2 2.5 0.0 0.00050 1648M0 -250.0 150.0 -3249 0.1170 0 0 0 854.543 4.884 2657
Element: 1010 0.2 2.5 0.0 0.00050 1633M0 -250.0 150.0 -3253 0.1170 0 0 0 858.864 4.910 2658
Element: 1011 0.2 2.5 0.0 0.00050 1649M0 -250.0 150.0 -3240 0.1170 0 0 0 863.189 4.937 2659
Element: 1012 0.2 2.5 0.0 0.00050 1634M0 -250.0 150.0 -3255 0.1170 0 0 0 867.581 4.833 2660
Element: 1013 0.2 2.5 0.0 0.00050 1650M0 -250.0 150.0 -3247 0.1170 0 0 0 871.846 4.727 2661
Element: 1014 0.2 2.5 0.0 0.00050 1635M0 -250.0 150.0 -3251 0.1170 0 0 0 876.178 4.753 2662
Element: 1015 0.2 2.5 0.0 0.00050 1651M0 -250.0 150.0 -3246 0.1170 0 0 0 880.514 4.777 2663
Element: 1016 0.2 2.5 0.0 0.00050 1636M0 -250.0 150.0 -3261 0.1170 0 0 0 884.852 4.803 2664
Element: 1017 0.2 2.5 0.0 0.00050 1652M0 -250.0 150.0 -3254 0.1170 0 0 0 889.192 4.828 2665
Element: 1018 0.2 2.5 0.0 0.00050 1637M0 -250.0 150.0 -3255 0.1170 0 0 0 893.534 4.852 2666
Element: 1019 0.2 2.5 0.0 0.00050 1653M0 -250.0 150.0 -3246 0.1170 0 0 0 897.880 4.877 2667
Element: 1020 0.2 2.5 0.0 0.00050 1638M0 -250.0 150.0 -3247 0.1170 0 0 0 902.227 4.902 2668
Element: 1021 0.2 2.5 0.0 0.00050 1654M0 -250.0 150.0 -3250 0.1170 0 0 0 906.576 4.927 2669
Element: 1022 0.2 2.5 0.0 0.00050 1639M0 -250.0 150.0 -3248 0.1170 0 0 0 910.928 4.953 2670
Element: 1023 0.2 2.5 0.0 0.00050 1655M0 -250.0 150.0 -3237 0.1170 0 0 0 915.282 4.978 2671
##						           					
## G 224 - 255  Section OP			           					
##						           					
Element: 1024 0.2 2.5 0.0 0.00050 1656M0 -250.0 150.0 -3244 0.1170 0 0 0 919.704 4.869 2032
Element: 1025 0.2 2.5 0.0 0.00050 1672M0 -250.0 150.0 -3244 0.1170 0 0 0 923.994 4.758 2033
Element: 1026 0.2 2.5 0.0 0.00050 1657M0 -250.0 150.0 -3248 0.1170 0 0 0 928.354 4.782 2034
Element: 1027 0.2 2.5 0.0 0.00050 1673M0 -250.0 150.0 -3255 0.1170 0 0 0 932.715 4.807 2035
Element: 1028 0.2 2.5 0.0 0.00050 1658M0 -250.0 150.0 -3259 0.1170 0 0 0 937.078 4.830 2036
Element: 1029 0.2 2.5 0.0 0.00050 1674M0 -250.0 150.0 -3253 0.1170 0 0 0 941.442 4.855 2037
Element: 1030 0.2 2.5 0.0 0.00050 1659M0 -250.0 150.0 -3252 0.1170 0 0 0 945.808 4.879 2038
Element: 1031 0.2 2.5 0.0 0.00050 1675M0 -250.0 150.0 -3256 0.1170 0 0 0 950.176 4.903 2039
Element: 1032 0.2 2.5 0.0 0.00050 1660M0 -250.0 150.0 -3257 0.1170 0 0 0 954.545 4.927 2040
Element: 1033 0.2 2.5 0.0 0.00050 1676M0 -250.0 150.0 -3257 0.1170 0 0 0 958.916 4.952 2041
Element: 1034 0.2 2.5 0.0 0.00050 1661M0 -250.0 150.0 -3238 0.1170 0 0 0 963.287 4.976 2042
Element: 1035 0.2 2.5 0.0 0.00050 1677M0 -250.0 150.0 -3241 0.1170 0 0 0 967.660 4.999 2043
Element: 1036 0.2 2.5 0.0 0.00050 1662M0 -250.0 150.0 -3244 0.1170 0 0 0 972.094 4.906 2044
Element: 1037 0.2 2.5 0.0 0.00050 1678M0 -250.0 150.0 -3251 0.1170 0 0 0 976.410 4.809 2045
Element: 1038 0.2 2.5 0.0 0.00050 1663M0 -250.0 150.0 -3239 0.1170 0 0 0 980.786 4.833 2046
Element: 1039 0.2 2.5 0.0 0.00050 1679M0 -250.0 150.0 -3253 0.1170 0 0 0 985.164 4.857 2047
Element: 1040 0.2 2.5 0.0 0.00050 1664M0 -250.0 150.0 -3252 0.1170 0 0 0 989.542 4.880 2048
Element: 1041 0.2 2.5 0.0 0.00050 1680M0 -250.0 150.0 -3244 0.1170 0 0 0 993.920 4.904 2049
Element: 1042 0.2 2.5 0.0 0.00050 1665M0 -250.0 150.0 -3237 0.1170 0 0 0 998.301 4.926 2050
Element: 1043 0.2 2.5 0.0 0.00050 1681M0 -250.0 150.0 -3237 0.1170 0 0 0 1002.682 4.951 2051
Element: 1044 0.2 2.5 0.0 0.00050 1666M0 -250.0 150.0 -3251 0.1170 0 0 0 1007.063 4.973 2052
Element: 1045 0.2 2.5 0.0 0.00050 1682M0 -250.0 150.0 -3236 0.1170 0 0 0 1011.445 4.997 2053
Element: 1046 0.2 2.5 0.0 0.00050 1667M0 -250.0 150.0 -3240 0.1170 0 0 0 1015.827 5.020 2054
Element: 1047 0.2 2.5 0.0 0.00050 1683M0 -250.0 150.0 -3237 0.1170 0 0 0 1020.211 5.044 2055
Element: 1048 0.2 2.5 0.0 0.00050 1668M0 -250.0 150.0 -3251 0.1170 0 0 0 1024.655 4.943 2056
Element: 1049 0.2 2.5 0.0 0.00050 1684M0 -250.0 150.0 -3243 0.1170 0 0 0 1028.978 4.844 2057
Element: 1050 0.2 2.5 0.0 0.00050 1669M0 -250.0 150.0 -3255 0.1170 0 0 0 1033.362 4.867 2058
Element: 1051 0.2 2.5 0.0 0.00050 1685M0 -250.0 150.0 -3239 0.1170 0 0 0 1037.747 4.888 2059
Element: 1052 0.2 2.5 0.0 0.00050 1670M0 -250.0 150.0 -3242 0.1170 0 0 0 1042.132 4.912 2060
Element: 1053 0.2 2.5 0.0 0.00050 1686M0 -250.0 150.0 -3242 0.1170 0 0 0 1046.517 4.933 2061
Element: 1054 0.2 2.5 0.0 0.00050 1671M0 -250.0 150.0 -3234 0.1170 0 0 0 1050.902 4.958 2062
Element: 1055 0.2 2.5 0.0 0.00050 1687M0 -250.0 150.0 -3222 0.1170 0 0 0 1055.287 4.979 2063
##						           				 	
## G 256 - 287  Section QR			           				 	
##						           				 	
Element: 1056 0.2 2.5 0.0 0.00050 1688M0 -250.0 150.0 -3229 0.1170 0 0 0 1059.672 5.001 2320
Element: 1057 0.2 2.5 0.0 0.00050 1704M0 -250.0 150.0 -3240 0.1170 0 0 0 1064.057 5.025 2321
Element: 1058 0.2 2.5 0.0 0.00050 1689M0 -250.0 150.0 -3235 0.1170 0 0 0 1068.442 5.047 2322
Element: 1059 0.2 2.5 0.0 0.00050 1705M0 -250.0 150.0 -3238 0.1170 0 0 0 1072.826 5.069 2323
Element: 1060 0.2 2.5 0.0 0.00050 1690M0 -250.0 150.0 -3242 0.1170 0 0 0 1077.274 4.965 2324
Element: 1061 0.2 2.5 0.0 0.00050 1706M0 -250.0 150.0 -3230 0.1170 0 0 0 1081.595 4.860 2325
Element: 1062 0.2 2.5 0.0 0.00050 1691M0 -250.0 150.0 -3236 0.1170 0 0 0 1085.978 4.883 2326
Element: 1063 0.2 2.5 0.0 0.00050 1707M0 -250.0 150.0 -3226 0.1170 0 0 0 1090.361 4.904 2327
Element: 1064 0.2 2.5 0.0 0.00050 1692M0 -250.0 150.0 -3238 0.1170 0 0 0 1094.745 4.925 2328
Element: 1065 0.2 2.5 0.0 0.00050 1708M0 -250.0 150.0 -3240 0.1170 0 0 0 1099.128 4.949 2329
Element: 1066 0.2 2.5 0.0 0.00050 1693M0 -250.0 150.0 -3239 0.1170 0 0 0 1103.509 4.969 2330
Element: 1067 0.2 2.5 0.0 0.00050 1709M0 -250.0 150.0 -3239 0.1170 0 0 0 1107.890 4.991 2331
Element: 1068 0.2 2.5 0.0 0.00050 1694M0 -250.0 150.0 -3234 0.1170 0 0 0 1112.271 5.013 2332
Element: 1069 0.2 2.5 0.0 0.00050 1710M0 -250.0 150.0 -3237 0.1170 0 0 0 1116.651 5.034 2333
Element: 1070 0.2 2.5 0.0 0.00050 1695M0 -250.0 150.0 -3231 0.1170 0 0 0 1121.029 5.056 2334
Element: 1071 0.2 2.5 0.0 0.00050 1711M0 -250.0 150.0 -3238 0.1170 0 0 0 1125.407 5.077 2335
Element: 1072 0.2 2.5 0.0 0.00050 1696M0 -250.0 150.0 -3240 0.1170 0 0 0 1129.839 4.990 2336
Element: 1073 0.2 2.5 0.0 0.00050 1712M0 -250.0 150.0 -3225 0.1170 0 0 0 1134.162 4.905 2337
Element: 1074 0.2 2.5 0.0 0.00050 1697M0 -250.0 150.0 -3224 0.1170 0 0 0 1138.537 4.925 2338
Element: 1075 0.2 2.5 0.0 0.00050 1713M0 -250.0 150.0 -3220 0.1170 0 0 0 1142.911 4.945 2339
Element: 1076 0.2 2.5 0.0 0.00050 1698M0 -250.0 150.0 -3237 0.1170 0 0 0 1147.284 4.966 2340
Element: 1077 0.2 2.5 0.0 0.00050 1714M0 -250.0 150.0 -3231 0.1170 0 0 0 1151.656 4.989 2341
Element: 1078 0.2 2.5 0.0 0.00050 1699M0 -250.0 150.0 -3232 0.1170 0 0 0 1156.026 5.009 2342
Element: 1079 0.2 2.5 0.0 0.00050 1715M0 -250.0 150.0 -3231 0.1170 0 0 0 1160.396 5.029 2343
Element: 1080 0.2 2.5 0.0 0.00050 1700M0 -250.0 150.0 -3238 0.1170 0 0 0 1164.765 5.050 2344
Element: 1081 0.2 2.5 0.0 0.00050 1716M0 -250.0 150.0 -3235 0.1170 0 0 0 1169.132 5.072 2345
Element: 1082 0.2 2.5 0.0 0.00050 1701M0 -250.0 150.0 -3227 0.1170 0 0 0 1173.497 5.092 2346
Element: 1083 0.2 2.5 0.0 0.00050 1717M0 -250.0 150.0 -3225 0.1170 0 0 0 1177.862 5.113 2347
Element: 1084 0.2 2.5 0.0 0.00050 1702M0 -250.0 150.0 -3221 0.1170 0 0 0 1182.292 5.001 2348
Element: 1085 0.2 2.5 0.0 0.00050 1718M0 -250.0 150.0 -3223 0.1170 0 0 0 1186.587 4.887 2349
Element: 1086 0.2 2.5 0.0 0.00050 1703M0 -250.0 150.0 -3228 0.1170 0 0 0 1190.947 4.907 2350
Element: 1087 0.2 2.5 0.0 0.00050 1719M0 -250.0 150.0 -3214 0.1170 0 0 0 1195.305 4.928 2351
##						           				 	
## G 288 - 319  Section ST			           				 	
##						           				 	
Element: 1088 0.2 2.5 0.0 0.00050 1720M0 -250.0 150.0 -3216 0.1170 0 0 0 1199.661 4.948 2608
Element: 1089 0.2 2.5 0.0 0.00050 1736M0 -250.0 150.0 -3230 0.1170 0 0 0 1204.016 4.969 2609
Element: 1090 0.2 2.5 0.0 0.00050 1721M0 -250.0 150.0 -3231 0.1170 0 0 0 1208.369 4.987 2610
Element: 1091 0.2 2.5 0.0 0.00050 1737M0 -250.0 150.0 -3230 0.1170 0 0 0 1212.721 5.008 2611
Element: 1092 0.2 2.5 0.0 0.00050 1722M0 -250.0 150.0 -3226 0.1170 0 0 0 1217.070 5.028 2612
Element: 1093 0.2 2.5 0.0 0.00050 1738M0 -250.0 150.0 -3233 0.1170 0 0 0 1221.419 5.047 2613
Element: 1094 0.2 2.5 0.0 0.00050 1723M0 -250.0 150.0 -3235 0.1170 0 0 0 1225.765 5.068 2614
Element: 1095 0.2 2.5 0.0 0.00050 1739M0 -250.0 150.0 -3237 0.1170 0 0 0 1230.108 5.087 2615
Element: 1096 0.2 2.5 0.0 0.00050 1724M0 -250.0 150.0 -3223 0.1170 0 0 0 1234.506 4.994 2616
Element: 1097 0.2 2.5 0.0 0.00050 1740M0 -250.0 150.0 -3224 0.1170 0 0 0 1238.790 4.899 2617
Element: 1098 0.2 2.5 0.0 0.00050 1725M0 -250.0 150.0 -3224 0.1170 0 0 0 1243.128 4.919 2618
Element: 1099 0.2 2.5 0.0 0.00050 1741M0 -250.0 150.0 -3231 0.1170 0 0 0 1247.464 4.938 2619
Element: 1100 0.2 2.5 0.0 0.00050 1726M0 -250.0 150.0 -3225 0.1170 0 0 0 1251.798 4.957 2620
Element: 1101 0.2 2.5 0.0 0.00050 1742M0 -250.0 150.0 -3231 0.1170 0 0 0 1256.129 4.977 2621
Element: 1102 0.2 2.5 0.0 0.00050 1727M0 -250.0 150.0 -3221 0.1170 0 0 0 1260.458 4.995 2622
Element: 1103 0.2 2.5 0.0 0.00050 1743M0 -250.0 150.0 -3223 0.1170 0 0 0 1264.785 5.016 2623
Element: 1104 0.2 2.5 0.0 0.00050 1728M0 -250.0 150.0 -3220 0.1170 0 0 0 1269.110 5.033 2624
Element: 1105 0.2 2.5 0.0 0.00050 1744M0 -250.0 150.0 -3219 0.1170 0 0 0 1273.433 5.054 2625
Element: 1106 0.2 2.5 0.0 0.00050 1729M0 -250.0 150.0 -3227 0.1170 0 0 0 1277.753 5.071 2626
Element: 1107 0.2 2.5 0.0 0.00050 1745M0 -250.0 150.0 -3219 0.1170 0 0 0 1282.071 5.092 2627
Element: 1108 0.2 2.5 0.0 0.00050 1730M0 -250.0 150.0 -3234 0.1170 0 0 0 1286.444 4.992 2628
Element: 1109 0.2 2.5 0.0 0.00050 1746M0 -250.0 150.0 -3226 0.1170 0 0 0 1290.699 4.896 2629
Element: 1110 0.2 2.5 0.0 0.00050 1731M0 -250.0 150.0 -3229 0.1170 0 0 0 1295.009 4.915 2630
Element: 1111 0.2 2.5 0.0 0.00050 1747M0 -250.0 150.0 -3225 0.1170 0 0 0 1299.317 4.933 2631
Element: 1112 0.2 2.5 0.0 0.00050 1732M0 -250.0 150.0 -3230 0.1170 0 0 0 1303.621 4.952 2632
Element: 1113 0.2 2.5 0.0 0.00050 1748M0 -250.0 150.0 -3222 0.1170 0 0 0 1307.924 4.970 2633
Element: 1114 0.2 2.5 0.0 0.00050 1733M0 -250.0 150.0 -3226 0.1170 0 0 0 1312.224 4.988 2634
Element: 1115 0.2 2.5 0.0 0.00050 1749M0 -250.0 150.0 -3222 0.1170 0 0 0 1316.522 5.008 2635
Element: 1116 0.2 2.5 0.0 0.00050 1734M0 -250.0 150.0 -3218 0.1170 0 0 0 1320.816 5.026 2636
Element: 1117 0.2 2.5 0.0 0.00050 1750M0 -250.0 150.0 -3219 0.1170 0 0 0 1325.108 5.042 2637
Element: 1118 0.2 2.5 0.0 0.00050 1735M0 -250.0 150.0 -3220 0.1170 0 0 0 1329.397 5.062 2638
Element: 1119 0.2 2.5 0.0 0.00050 1751M0 -250.0 150.0 -3214 0.1170 0 0 0 1333.684 5.078 2639
##						           				 	
## G 320 - 351  Section UV			           				 	
##						           				 	
Element: 1120 0.2 2.5 0.0 0.00050 1752M0 -250.0 150.0 -3222 0.1170 0 0 0 1337.966 5.098 2896
Element: 1121 0.2 2.5 0.0 0.00050 1768M0 -250.0 150.0 -3232 0.1170 0 0 0 1342.306 4.998 2897
Element: 1122 0.2 2.5 0.0 0.00050 1753M0 -250.0 150.0 -3223 0.1170 0 0 0 1346.523 4.897 2898
Element: 1123 0.2 2.5 0.0 0.00050 1769M0 -250.0 150.0 -3222 0.1170 0 0 0 1350.798 4.915 2899
Element: 1124 0.2 2.5 0.0 0.00050 1754M0 -250.0 150.0 -3226 0.1170 0 0 0 1355.069 4.933 2900
Element: 1125 0.2 2.5 0.0 0.00050 1770M0 -250.0 150.0 -3228 0.1170 0 0 0 1359.338 4.948 2901
Element: 1126 0.2 2.5 0.0 0.00050 1755M0 -250.0 150.0 -3229 0.1170 0 0 0 1363.604 4.967 2902
Element: 1127 0.2 2.5 0.0 0.00050 1771M0 -250.0 150.0 -3225 0.1170 0 0 0 1367.866 4.985 2903
Element: 1128 0.2 2.5 0.0 0.00050 1756M0 -250.0 150.0 -3227 0.1170 0 0 0 1372.125 5.003 2904
Element: 1129 0.2 2.5 0.0 0.00050 1772M0 -250.0 150.0 -3231 0.1170 0 0 0 1376.382 5.019 2905
Element: 1130 0.2 2.5 0.0 0.00050 1757M0 -250.0 150.0 -3217 0.1170 0 0 0 1380.635 5.036 2906
Element: 1131 0.2 2.5 0.0 0.00050 1773M0 -250.0 150.0 -3224 0.1170 0 0 0 1384.885 5.055 2907
Element: 1132 0.2 2.5 0.0 0.00050 1758M0 -250.0 150.0 -3220 0.1170 0 0 0 1389.131 5.071 2908
Element: 1133 0.2 2.5 0.0 0.00050 1774M0 -250.0 150.0 -3228 0.1170 0 0 0 1393.375 5.089 2909
Element: 1134 0.2 2.5 0.0 0.00050 1759M0 -250.0 150.0 -3216 0.1170 0 0 0 1397.675 4.984 2910
Element: 1135 0.2 2.5 0.0 0.00050 1775M0 -250.0 150.0 -3228 0.1170 0 0 0 1401.852 4.880 2911
Element: 1136 0.2 2.5 0.0 0.00050 1760M0 -250.0 150.0 -3221 0.1170 0 0 0 1406.085 4.897 2912
Element: 1137 0.2 2.5 0.0 0.00050 1776M0 -250.0 150.0 -3221 0.1170 0 0 0 1410.315 4.914 2913
Element: 1138 0.2 2.5 0.0 0.00050 1761M0 -250.0 150.0 -3228 0.1170 0 0 0 1414.542 4.931 2914
Element: 1139 0.2 2.5 0.0 0.00050 1777M0 -250.0 150.0 -3213 0.1170 0 0 0 1418.766 4.948 2915
Element: 1140 0.2 2.5 0.0 0.00050 1762M0 -250.0 150.0 -3229 0.1170 0 0 0 1422.985 4.965 2916
Element: 1141 0.2 2.5 0.0 0.00050 1778M0 -250.0 150.0 -3222 0.1170 0 0 0 1427.202 4.981 2917
Element: 1142 0.2 2.5 0.0 0.00050 1763M0 -250.0 150.0 -3225 0.1170 0 0 0 1431.415 4.997 2918
Element: 1143 0.2 2.5 0.0 0.00050 1779M0 -250.0 150.0 -3232 0.1170 0 0 0 1435.625 5.014 2919
Element: 1144 0.2 2.5 0.0 0.00050 1764M0 -250.0 150.0 -3233 0.1170 0 0 0 1439.831 5.030 2920
Element: 1145 0.2 2.5 0.0 0.00050 1780M0 -250.0 150.0 -3219 0.1170 0 0 0 1444.033 5.046 2921
Element: 1146 0.2 2.5 0.0 0.00050 1765M0 -250.0 150.0 -3224 0.1170 0 0 0 1448.232 5.063 2922
Element: 1147 0.2 2.5 0.0 0.00050 1781M0 -250.0 150.0 -3220 0.1170 0 0 0 1452.488 4.955 2923
Element: 1148 0.2 2.5 0.0 0.00050 1766M0 -250.0 150.0 -3218 0.1170 0 0 0 1456.620 4.848 2924
Element: 1149 0.2 2.5 0.0 0.00050 1782M0 -250.0 150.0 -3215 0.1170 0 0 0 1460.808 4.863 2925
Element: 1150 0.2 2.5 0.0 0.00050 1767M0 -250.0 150.0 -3212 0.1170 0 0 0 1464.993 4.881 2926
Element: 1151 0.2 2.5 0.0 0.00050 1783M0 -250.0 150.0 -3215 0.1170 0 0 0 1469.173 4.895 2927
Initialise: 
Display: 1D Nhits       32 0 32
Display: 1D NhitsPrompt 32 0 32
Display: 1D NhitsRand   32 0 32
Display: 1D Hits        352 0 352
Display: 1D HitsPrompt  352 0 352
Display: 1D HitsRand    352 0 352
#Display: 1D EnergyOR    200 0 2.5
Display: 1D TimeOR     1000 -250.0 150.0
#Display: 1D Energy 100 0 2.5   0 352
#Display: 1D Time  1000 -250.0 150.0   0 352
#Display: 1D Eelect   352 v2ud_1557_1.88839.plot.ehist
Display: 1D ScalerCurr 352 0 352
Display: 1D ScalerAcc  352 0 352
Display: 1D Doubles  	352 0 352
Display: 1D NDoubles  	32 0 32
#Display: 2D EnergyOR 100 0 2.5 -1 Hits 352 0 352 -1
#Display: 2D EnergyOR 100 0 2.5 -1 Doubles 352 0 352 -1
Display: 2D TimeOR   200 -250.0 150.0 -1 Hits 352 0 352 -1
Display: 2D TimeOR   200 -250.0 150.0 -1 Doubles 352 0 352 -1
