##     Auto-generated AcquRoot Detector file
##     Macro LadderNewScIndex, J.R.M. Annand, 23rd Jan 2015
## Detector setup file for Ladder
########################################################################
##
##	#FP	Energy	Time	Pos
Size: 	352 	0 	1 	1
#
Multi-hit: 8
#
##	Scalers	Calib	Overlap	Micro	#trig	Toff	Tres
Misc:	1	1	1	0	0	0	0.0
##
Window: -10. 10. -50. -30. 
##
## G 0 - 31  Section AB
##
Element: 816 0.200 2.5 0.00 0.000500 1438M0 -1000.0 1000.0 -3190.10 0.117000 0.000 0.000 0.000 31.210 0.570 2876
Element: 800 0.200 2.5 0.00 0.000500 1432M0 -1000.0 1000.0 -3189.24 0.117000 0.000 0.000 0.000 31.780 0.590 2864
Element: 817 0.200 2.5 0.00 0.000500 1454M0 -1000.0 1000.0 -3181.32 0.117000 0.000 0.000 0.000 32.370 0.620 2877
Element: 801 0.200 2.5 0.00 0.000500 1448M0 -1000.0 1000.0 -3306.22 0.117000 0.000 0.000 0.000 33.000 0.640 2865
Element: 818 0.200 2.5 0.00 0.000500 1439M0 -1000.0 1000.0 -3192.99 0.117000 0.000 0.000 0.000 33.640 0.670 2878
Element: 802 0.200 2.5 0.00 0.000500 1433M0 -1000.0 1000.0 -3305.83 0.117000 0.000 0.000 0.000 34.310 0.690 2866
Element: 819 0.200 2.5 0.00 0.000500 1455M0 -1000.0 1000.0 -3171.47 0.117000 0.000 0.000 0.000 35.010 0.720 2879
Element: 803 0.200 2.5 0.00 0.000500 1449M0 -1000.0 1000.0 -3199.76 0.117000 0.000 0.000 0.000 35.730 0.740 2867
Element: 820 0.200 2.5 0.00 0.000500 1440M0 -1000.0 1000.0 -3301.24 0.117000 0.000 0.000 0.000 36.480 0.770 2880
Element: 804 0.200 2.5 0.00 0.000500 1434M0 -1000.0 1000.0 -3306.27 0.117000 0.000 0.000 0.000 37.250 0.800 2868
Element: 821 0.200 2.5 0.00 0.000500 1456M0 -1000.0 1000.0 -3300.70 0.117000 0.000 0.000 0.000 38.040 0.820 2881
Element: 805 0.200 2.5 0.00 0.000500 1450M0 -1000.0 1000.0 -3315.72 0.117000 0.000 0.000 0.000 38.860 0.840 2869
Element: 822 0.200 2.5 0.00 0.000500 1441M0 -1000.0 1000.0 -3307.57 0.117000 0.000 0.000 0.000 39.700 0.860 2882
Element: 806 0.200 2.5 0.00 0.000500 1435M0 -1000.0 1000.0 -3304.53 0.117000 0.000 0.000 0.000 40.560 0.880 2870
Element: 823 0.200 2.5 0.00 0.000500 1457M0 -1000.0 1000.0 -3299.44 0.117000 0.000 0.000 0.000 41.440 0.900 2883
Element: 807 0.200 2.5 0.00 0.000500 1451M0 -1000.0 1000.0 -3309.26 0.117000 0.000 0.000 0.000 42.330 0.910 2871
Element: 824 0.200 2.5 0.00 0.000500 1442M0 -1000.0 1000.0 -3194.53 0.117000 0.000 0.000 0.000 43.240 0.930 2884
Element: 808 0.200 2.5 0.00 0.000500 1436M0 -1000.0 1000.0 -3315.23 0.117000 0.000 0.000 0.000 44.150 0.940 2872
Element: 825 0.200 2.5 0.00 0.000500 1458M0 -1000.0 1000.0 -3186.03 0.117000 0.000 0.000 0.000 45.080 0.940 2885
Element: 809 0.200 2.5 0.00 0.000500 1452M0 -1000.0 1000.0 -3186.63 0.117000 0.000 0.000 0.000 46.010 0.950 2873
Element: 826 0.200 2.5 0.00 0.000500 1443M0 -1000.0 1000.0 -3183.62 0.117000 0.000 0.000 0.000 46.950 0.950 2886
Element: 810 0.200 2.5 0.00 0.000500 1437M0 -1000.0 1000.0 -3318.11 0.117000 0.000 0.000 0.000 47.880 0.950 2874
Element: 827 0.200 2.5 0.00 0.000500 1459M0 -1000.0 1000.0 -3312.83 0.117000 0.000 0.000 0.000 48.810 0.940 2887
Element: 811 0.200 2.5 0.00 0.000500 1453M0 -1000.0 1000.0 -3308.01 0.117000 0.000 0.000 0.000 49.740 0.930 2875
Element: 828 0.200 2.5 0.00 0.000500 1444M0 -1000.0 1000.0 -3308.71 0.117000 0.000 0.000 0.000 50.650 0.920 2888
Element: 829 0.200 2.5 0.00 0.000500 1460M0 -1000.0 1000.0 -3299.61 0.117000 0.000 0.000 0.000 51.560 0.910 2889
Element: 830 0.200 2.5 0.00 0.000500 1445M0 -1000.0 1000.0 -3300.63 0.117000 0.000 0.000 0.000 52.450 0.900 2890
Element: 831 0.200 2.5 0.00 0.000500 1461M0 -1000.0 1000.0 -3302.88 0.117000 0.000 0.000 0.000 53.320 0.880 2891
Element: 812 0.200 2.5 0.00 0.000500 1446M0 -1000.0 1000.0 -3302.02 0.117000 0.000 0.000 0.000 54.180 0.860 2892
Element: 813 0.200 2.5 0.00 0.000500 1462M0 -1000.0 1000.0 -3298.62 0.117000 0.000 0.000 0.000 55.030 0.850 2893
Element: 814 0.200 2.5 0.00 0.000500 1447M0 -1000.0 1000.0 -3174.50 0.117000 0.000 0.000 0.000 55.860 0.840 2894
Element: 815 0.200 2.5 0.00 0.000500 1463M0 -1000.0 1000.0 -3298.78 0.117000 0.000 0.000 0.000 56.680 0.820 2895
##														     	   
## G 32 - 63  Section CD											     	   
##														     	   
Element: 832 0.200 2.5 0.00 0.000500 1464M0 -1000.0 1000.0 -3311.77 0.117000 0.000 0.000 0.000 57.480 0.830 2064
Element: 833 0.200 2.5 0.00 0.000500 1480M0 -1000.0 1000.0 -3314.04 0.117000 0.000 0.000 0.000 58.280 0.840 2065
Element: 834 0.200 2.5 0.00 0.000500 1465M0 -1000.0 1000.0 -3307.95 0.117000 0.000 0.000 0.000 59.090 0.850 2066
Element: 835 0.200 2.5 0.00 0.000500 1481M0 -1000.0 1000.0 -3310.03 0.117000 0.000 0.000 0.000 59.890 0.860 2067
Element: 836 0.200 2.5 0.00 0.000500 1466M0 -1000.0 1000.0 -3310.19 0.117000 0.000 0.000 0.000 60.700 0.860 2068
Element: 837 0.200 2.5 0.00 0.000500 1482M0 -1000.0 1000.0 -3314.55 0.117000 0.000 0.000 0.000 61.510 0.870 2069
Element: 838 0.200 2.5 0.00 0.000500 1467M0 -1000.0 1000.0 -3307.91 0.117000 0.000 0.000 0.000 62.340 0.860 2070
Element: 839 0.200 2.5 0.00 0.000500 1483M0 -1000.0 1000.0 -3308.57 0.117000 0.000 0.000 0.000 63.160 0.840 2071
Element: 840 0.200 2.5 0.00 0.000500 1468M0 -1000.0 1000.0 -3310.04 0.117000 0.000 0.000 0.000 63.980 0.850 2072
Element: 841 0.200 2.5 0.00 0.000500 1484M0 -1000.0 1000.0 -3309.26 0.117000 0.000 0.000 0.000 64.810 0.860 2073
Element: 842 0.200 2.5 0.00 0.000500 1469M0 -1000.0 1000.0 -3303.10 0.117000 0.000 0.000 0.000 65.640 0.870 2074
Element: 843 0.200 2.5 0.00 0.000500 1485M0 -1000.0 1000.0 -3307.82 0.117000 0.000 0.000 0.000 66.480 0.870 2075
Element: 844 0.200 2.5 0.00 0.000500 1470M0 -1000.0 1000.0 -3301.38 0.117000 0.000 0.000 0.000 67.310 0.880 2076
Element: 845 0.200 2.5 0.00 0.000500 1486M0 -1000.0 1000.0 -3309.47 0.117000 0.000 0.000 0.000 68.160 0.890 2077
Element: 846 0.200 2.5 0.00 0.000500 1471M0 -1000.0 1000.0 -3300.06 0.117000 0.000 0.000 0.000 69.000 0.900 2078
Element: 847 0.200 2.5 0.00 0.000500 1487M0 -1000.0 1000.0 -3307.21 0.117000 0.000 0.000 0.000 69.850 0.910 2079
Element: 848 0.200 2.5 0.00 0.000500 1472M0 -1000.0 1000.0 -3304.33 0.117000 0.000 0.000 0.000 70.710 0.890 2080
Element: 849 0.200 2.5 0.00 0.000500 1488M0 -1000.0 1000.0 -3301.74 0.117000 0.000 0.000 0.000 71.550 0.880 2081
Element: 850 0.200 2.5 0.00 0.000500 1473M0 -1000.0 1000.0 -3314.77 0.117000 0.000 0.000 0.000 72.410 0.890 2082
Element: 851 0.200 2.5 0.00 0.000500 1489M0 -1000.0 1000.0 -3298.26 0.117000 0.000 0.000 0.000 73.270 0.900 2083
Element: 852 0.200 2.5 0.00 0.000500 1474M0 -1000.0 1000.0 -3317.92 0.117000 0.000 0.000 0.000 74.130 0.900 2084
Element: 853 0.200 2.5 0.00 0.000500 1490M0 -1000.0 1000.0 -3306.28 0.117000 0.000 0.000 0.000 75.000 0.910 2085
Element: 854 0.200 2.5 0.00 0.000500 1475M0 -1000.0 1000.0 -3312.61 0.117000 0.000 0.000 0.000 75.870 0.920 2086
Element: 855 0.200 2.5 0.00 0.000500 1491M0 -1000.0 1000.0 -3303.40 0.117000 0.000 0.000 0.000 76.750 0.930 2087
Element: 856 0.200 2.5 0.00 0.000500 1476M0 -1000.0 1000.0 -3309.55 0.117000 0.000 0.000 0.000 77.630 0.920 2088
Element: 857 0.200 2.5 0.00 0.000500 1492M0 -1000.0 1000.0 -3303.24 0.117000 0.000 0.000 0.000 78.510 0.910 2089
Element: 858 0.200 2.5 0.00 0.000500 1477M0 -1000.0 1000.0 -3302.51 0.117000 0.000 0.000 0.000 79.390 0.910 2090
Element: 859 0.200 2.5 0.00 0.000500 1493M0 -1000.0 1000.0 -3298.27 0.117000 0.000 0.000 0.000 80.280 0.920 2091
Element: 860 0.200 2.5 0.00 0.000500 1478M0 -1000.0 1000.0 -3294.45 0.117000 0.000 0.000 0.000 81.170 0.930 2092
Element: 861 0.200 2.5 0.00 0.000500 1494M0 -1000.0 1000.0 -3299.13 0.117000 0.000 0.000 0.000 82.060 0.940 2093
Element: 862 0.200 2.5 0.00 0.000500 1479M0 -1000.0 1000.0 -3303.60 0.117000 0.000 0.000 0.000 82.960 0.950 2094
Element: 863 0.200 2.5 0.00 0.000500 1495M0 -1000.0 1000.0 -3296.93 0.117000 0.000 0.000 0.000 83.860 0.950 2095
##														     	   
## G 64 - 95  Section EF											     	   
##														     	   
Element: 864 0.200 2.5 0.00 0.000500 1496M0 -1000.0 1000.0 -3302.16 0.117000 0.000 0.000 0.000 84.770 0.960 2576
Element: 865 0.200 2.5 0.00 0.000500 1512M0 -1000.0 1000.0 -3306.98 0.117000 0.000 0.000 0.000 85.670 0.970 2577
Element: 866 0.200 2.5 0.00 0.000500 1497M0 -1000.0 1000.0 -3315.44 0.117000 0.000 0.000 0.000 86.590 0.980 2578
Element: 867 0.200 2.5 0.00 0.000500 1513M0 -1000.0 1000.0 -3312.74 0.117000 0.000 0.000 0.000 87.510 0.970 2579
Element: 868 0.200 2.5 0.00 0.000500 1498M0 -1000.0 1000.0 -3310.17 0.117000 0.000 0.000 0.000 88.420 0.950 2580
Element: 869 0.200 2.5 0.00 0.000500 1514M0 -1000.0 1000.0 -3313.43 0.117000 0.000 0.000 0.000 89.340 0.960 2581
Element: 870 0.200 2.5 0.00 0.000500 1499M0 -1000.0 1000.0 -3303.61 0.117000 0.000 0.000 0.000 90.260 0.970 2582
Element: 871 0.200 2.5 0.00 0.000500 1515M0 -1000.0 1000.0 -3303.01 0.117000 0.000 0.000 0.000 91.190 0.970 2583
Element: 872 0.200 2.5 0.00 0.000500 1500M0 -1000.0 1000.0 -3310.30 0.117000 0.000 0.000 0.000 92.120 0.980 2584
Element: 873 0.200 2.5 0.00 0.000500 1516M0 -1000.0 1000.0 -3312.53 0.117000 0.000 0.000 0.000 93.060 0.990 2585
Element: 874 0.200 2.5 0.00 0.000500 1501M0 -1000.0 1000.0 -3298.18 0.117000 0.000 0.000 0.000 94.000 1.000 2586
Element: 875 0.200 2.5 0.00 0.000500 1517M0 -1000.0 1000.0 -3313.65 0.117000 0.000 0.000 0.000 94.940 1.010 2587
Element: 876 0.200 2.5 0.00 0.000500 1502M0 -1000.0 1000.0 -3313.01 0.117000 0.000 0.000 0.000 95.900 1.000 2588
Element: 877 0.200 2.5 0.00 0.000500 1518M0 -1000.0 1000.0 -3301.86 0.117000 0.000 0.000 0.000 96.830 0.980 2589
Element: 878 0.200 2.5 0.00 0.000500 1503M0 -1000.0 1000.0 -3294.85 0.117000 0.000 0.000 0.000 97.790 0.990 2590
Element: 879 0.200 2.5 0.00 0.000500 1519M0 -1000.0 1000.0 -3308.90 0.117000 0.000 0.000 0.000 98.740 1.000 2591
Element: 880 0.200 2.5 0.00 0.000500 1504M0 -1000.0 1000.0 -3301.80 0.117000 0.000 0.000 0.000 99.700 1.010 2592
Element: 881 0.200 2.5 0.00 0.000500 1520M0 -1000.0 1000.0 -3304.23 0.117000 0.000 0.000 0.000 100.660 1.020 2593
Element: 882 0.200 2.5 0.00 0.000500 1505M0 -1000.0 1000.0 -3313.38 0.117000 0.000 0.000 0.000 101.630 1.030 2594
Element: 883 0.200 2.5 0.00 0.000500 1521M0 -1000.0 1000.0 -3302.96 0.117000 0.000 0.000 0.000 102.600 1.030 2595
Element: 884 0.200 2.5 0.00 0.000500 1506M0 -1000.0 1000.0 -3316.77 0.117000 0.000 0.000 0.000 103.570 1.040 2596
Element: 885 0.200 2.5 0.00 0.000500 1522M0 -1000.0 1000.0 -3309.15 0.117000 0.000 0.000 0.000 104.550 1.030 2597
Element: 886 0.200 2.5 0.00 0.000500 1507M0 -1000.0 1000.0 -3314.50 0.117000 0.000 0.000 0.000 105.520 1.020 2598
Element: 887 0.200 2.5 0.00 0.000500 1523M0 -1000.0 1000.0 -3315.43 0.117000 0.000 0.000 0.000 106.500 1.020 2599
Element: 888 0.200 2.5 0.00 0.000500 1508M0 -1000.0 1000.0 -3310.92 0.117000 0.000 0.000 0.000 107.490 1.030 2600
Element: 889 0.200 2.5 0.00 0.000500 1524M0 -1000.0 1000.0 -3294.98 0.117000 0.000 0.000 0.000 108.480 1.040 2601
Element: 890 0.200 2.5 0.00 0.000500 1509M0 -1000.0 1000.0 -3303.11 0.117000 0.000 0.000 0.000 109.470 1.050 2602
Element: 891 0.200 2.5 0.00 0.000500 1525M0 -1000.0 1000.0 -3307.35 0.117000 0.000 0.000 0.000 110.470 1.060 2603
Element: 892 0.200 2.5 0.00 0.000500 1510M0 -1000.0 1000.0 -3305.75 0.117000 0.000 0.000 0.000 111.460 1.070 2604
Element: 893 0.200 2.5 0.00 0.000500 1526M0 -1000.0 1000.0 -3305.69 0.117000 0.000 0.000 0.000 112.470 1.070 2605
Element: 894 0.200 2.5 0.00 0.000500 1511M0 -1000.0 1000.0 -3299.98 0.117000 0.000 0.000 0.000 113.480 1.060 2606
Element: 895 0.200 2.5 0.00 0.000500 1527M0 -1000.0 1000.0 -3286.56 0.117000 0.000 0.000 0.000 114.480 1.050 2607
##														     	   
## G 96 - 127  Section GH											     	   
##														     	   
Element: 896 0.200 2.5 0.00 0.000500 1528M0 -1000.0 1000.0 -3155.90 0.117000 0.000 0.000 0.000 115.490 1.060 2288
Element: 897 0.200 2.5 0.00 0.000500 1544M0 -1000.0 1000.0 -3306.80 0.117000 0.000 0.000 0.000 116.500 1.070 2289
Element: 898 0.200 2.5 0.00 0.000500 1529M0 -1000.0 1000.0 -3301.12 0.117000 0.000 0.000 0.000 117.520 1.080 2290
Element: 899 0.200 2.5 0.00 0.000500 1545M0 -1000.0 1000.0 -3297.13 0.117000 0.000 0.000 0.000 118.540 1.090 2291
Element: 900 0.200 2.5 0.00 0.000500 1530M0 -1000.0 1000.0 -3302.84 0.117000 0.000 0.000 0.000 119.560 1.100 2292
Element: 901 0.200 2.5 0.00 0.000500 1546M0 -1000.0 1000.0 -3301.91 0.117000 0.000 0.000 0.000 120.590 1.100 2293
Element: 902 0.200 2.5 0.00 0.000500 1531M0 -1000.0 1000.0 -3298.05 0.117000 0.000 0.000 0.000 121.620 1.110 2294
Element: 903 0.200 2.5 0.00 0.000500 1547M0 -1000.0 1000.0 -3297.71 0.117000 0.000 0.000 0.000 122.670 1.100 2295
Element: 904 0.200 2.5 0.00 0.000500 1532M0 -1000.0 1000.0 -3298.47 0.117000 0.000 0.000 0.000 123.690 1.080 2296
Element: 905 0.200 2.5 0.00 0.000500 1548M0 -1000.0 1000.0 -3301.03 0.117000 0.000 0.000 0.000 124.730 1.090 2297
Element: 906 0.200 2.5 0.00 0.000500 1533M0 -1000.0 1000.0 -3296.53 0.117000 0.000 0.000 0.000 125.770 1.100 2298
Element: 907 0.200 2.5 0.00 0.000500 1549M0 -1000.0 1000.0 -3298.66 0.117000 0.000 0.000 0.000 126.820 1.110 2299
Element: 908 0.200 2.5 0.00 0.000500 1534M0 -1000.0 1000.0 -3293.55 0.117000 0.000 0.000 0.000 127.860 1.110 2300
Element: 909 0.200 2.5 0.00 0.000500 1550M0 -1000.0 1000.0 -3288.73 0.117000 0.000 0.000 0.000 128.920 1.120 2301
Element: 910 0.200 2.5 0.00 0.000500 1535M0 -1000.0 1000.0 -3283.99 0.117000 0.000 0.000 0.000 129.970 1.130 2302
Element: 911 0.200 2.5 0.00 0.000500 1551M0 -1000.0 1000.0 -3291.88 0.117000 0.000 0.000 0.000 131.030 1.140 2303
Element: 912 0.200 2.5 0.00 0.000500 1536M0 -1000.0 1000.0 -3295.65 0.117000 0.000 0.000 0.000 132.090 1.150 2304
Element: 913 0.200 2.5 0.00 0.000500 1552M0 -1000.0 1000.0 -3301.04 0.117000 0.000 0.000 0.000 133.160 1.140 2305
Element: 914 0.200 2.5 0.00 0.000500 1537M0 -1000.0 1000.0 -3302.54 0.117000 0.000 0.000 0.000 134.220 1.120 2306
Element: 915 0.200 2.5 0.00 0.000500 1553M0 -1000.0 1000.0 -3293.40 0.117000 0.000 0.000 0.000 135.280 1.130 2307
Element: 916 0.200 2.5 0.00 0.000500 1538M0 -1000.0 1000.0 -3313.47 0.117000 0.000 0.000 0.000 136.360 1.140 2308
Element: 917 0.200 2.5 0.00 0.000500 1554M0 -1000.0 1000.0 -3299.66 0.117000 0.000 0.000 0.000 137.430 1.150 2309
Element: 918 0.200 2.5 0.00 0.000500 1539M0 -1000.0 1000.0 -3297.43 0.117000 0.000 0.000 0.000 138.510 1.160 2310
Element: 919 0.200 2.5 0.00 0.000500 1555M0 -1000.0 1000.0 -3290.76 0.117000 0.000 0.000 0.000 139.590 1.170 2311
Element: 920 0.200 2.5 0.00 0.000500 1540M0 -1000.0 1000.0 -3297.41 0.117000 0.000 0.000 0.000 140.670 1.170 2312
Element: 921 0.200 2.5 0.00 0.000500 1556M0 -1000.0 1000.0 -3283.38 0.117000 0.000 0.000 0.000 141.760 1.180 2313
Element: 922 0.200 2.5 0.00 0.000500 1541M0 -1000.0 1000.0 -3296.74 0.117000 0.000 0.000 0.000 142.850 1.190 2314
Element: 923 0.200 2.5 0.00 0.000500 1557M0 -1000.0 1000.0 -3287.56 0.117000 0.000 0.000 0.000 143.950 1.170 2315
Element: 924 0.200 2.5 0.00 0.000500 1542M0 -1000.0 1000.0 -3281.79 0.117000 0.000 0.000 0.000 145.030 1.150 2316
Element: 925 0.200 2.5 0.00 0.000500 1558M0 -1000.0 1000.0 -3282.62 0.117000 0.000 0.000 0.000 146.130 1.160 2317
Element: 926 0.200 2.5 0.00 0.000500 1543M0 -1000.0 1000.0 -3286.39 0.117000 0.000 0.000 0.000 147.230 1.170 2318
Element: 927 0.200 2.5 0.00 0.000500 1559M0 -1000.0 1000.0 -3280.44 0.117000 0.000 0.000 0.000 148.330 1.180 2319
##														     	   
## G 128 - 159  Section IJ											     	   
##														     	   
Element: 928 0.200 2.5 0.00 0.000500 1560M0 -1000.0 1000.0 -3276.56 0.117000 0.000 0.000 0.000 149.430 1.190 2000
Element: 929 0.200 2.5 0.00 0.000500 1576M0 -1000.0 1000.0 -3275.29 0.117000 0.000 0.000 0.000 150.540 1.200 2001
Element: 930 0.200 2.5 0.00 0.000500 1561M0 -1000.0 1000.0 -3283.93 0.117000 0.000 0.000 0.000 151.650 1.200 2002
Element: 931 0.200 2.5 0.00 0.000500 1577M0 -1000.0 1000.0 -3289.02 0.117000 0.000 0.000 0.000 152.760 1.210 2003
Element: 932 0.200 2.5 0.00 0.000500 1562M0 -1000.0 1000.0 -3290.28 0.117000 0.000 0.000 0.000 153.880 1.220 2004
Element: 933 0.200 2.5 0.00 0.000500 1578M0 -1000.0 1000.0 -3281.41 0.117000 0.000 0.000 0.000 155.010 1.200 2005
Element: 934 0.200 2.5 0.00 0.000500 1563M0 -1000.0 1000.0 -3289.89 0.117000 0.000 0.000 0.000 156.120 1.180 2006
Element: 935 0.200 2.5 0.00 0.000500 1579M0 -1000.0 1000.0 -3291.61 0.117000 0.000 0.000 0.000 157.240 1.190 2007
Element: 936 0.200 2.5 0.00 0.000500 1564M0 -1000.0 1000.0 -3290.01 0.117000 0.000 0.000 0.000 158.360 1.200 2008
Element: 937 0.200 2.5 0.00 0.000500 1580M0 -1000.0 1000.0 -3289.54 0.117000 0.000 0.000 0.000 159.490 1.210 2009
Element: 938 0.200 2.5 0.00 0.000500 1565M0 -1000.0 1000.0 -3278.95 0.117000 0.000 0.000 0.000 160.620 1.220 2010
Element: 939 0.200 2.5 0.00 0.000500 1581M0 -1000.0 1000.0 -3290.36 0.117000 0.000 0.000 0.000 161.750 1.220 2011
Element: 940 0.200 2.5 0.00 0.000500 1566M0 -1000.0 1000.0 -3283.48 0.117000 0.000 0.000 0.000 162.890 1.230 2012
Element: 941 0.200 2.5 0.00 0.000500 1582M0 -1000.0 1000.0 -3284.66 0.117000 0.000 0.000 0.000 164.030 1.240 2013
Element: 942 0.200 2.5 0.00 0.000500 1567M0 -1000.0 1000.0 -3282.33 0.117000 0.000 0.000 0.000 165.170 1.250 2014
Element: 943 0.200 2.5 0.00 0.000500 1583M0 -1000.0 1000.0 -3288.88 0.117000 0.000 0.000 0.000 166.310 1.260 2015
Element: 944 0.200 2.5 0.00 0.000500 1568M0 -1000.0 1000.0 -3288.79 0.117000 0.000 0.000 0.000 167.470 1.240 2016
Element: 945 0.200 2.5 0.00 0.000500 1584M0 -1000.0 1000.0 -3284.31 0.117000 0.000 0.000 0.000 168.600 1.220 2017
Element: 946 0.200 2.5 0.00 0.000500 1569M0 -1000.0 1000.0 -3288.72 0.117000 0.000 0.000 0.000 169.750 1.220 2018
Element: 947 0.200 2.5 0.00 0.000500 1585M0 -1000.0 1000.0 -3276.34 0.117000 0.000 0.000 0.000 170.900 1.230 2019
Element: 948 0.200 2.5 0.00 0.000500 1570M0 -1000.0 1000.0 -3289.08 0.117000 0.000 0.000 0.000 172.050 1.240 2020
Element: 949 0.200 2.5 0.00 0.000500 1586M0 -1000.0 1000.0 -3279.95 0.117000 0.000 0.000 0.000 173.210 1.250 2021
Element: 950 0.200 2.5 0.00 0.000500 1571M0 -1000.0 1000.0 -3289.23 0.117000 0.000 0.000 0.000 174.370 1.260 2022
Element: 951 0.200 2.5 0.00 0.000500 1587M0 -1000.0 1000.0 -3282.31 0.117000 0.000 0.000 0.000 175.530 1.260 2023
Element: 952 0.200 2.5 0.00 0.000500 1572M0 -1000.0 1000.0 -3289.96 0.117000 0.000 0.000 0.000 176.690 1.270 2024
Element: 953 0.200 2.5 0.00 0.000500 1588M0 -1000.0 1000.0 -3272.49 0.117000 0.000 0.000 0.000 177.850 1.280 2025
Element: 954 0.200 2.5 0.00 0.000500 1573M0 -1000.0 1000.0 -3281.40 0.117000 0.000 0.000 0.000 179.020 1.290 2026
Element: 955 0.200 2.5 0.00 0.000500 1589M0 -1000.0 1000.0 -3277.84 0.117000 0.000 0.000 0.000 180.200 1.270 2027
Element: 956 0.200 2.5 0.00 0.000500 1574M0 -1000.0 1000.0 -3279.69 0.117000 0.000 0.000 0.000 181.360 1.240 2028
Element: 957 0.200 2.5 0.00 0.000500 1590M0 -1000.0 1000.0 -3278.05 0.117000 0.000 0.000 0.000 182.530 1.250 2029
Element: 958 0.200 2.5 0.00 0.000500 1575M0 -1000.0 1000.0 -3277.36 0.117000 0.000 0.000 0.000 183.710 1.260 2030
Element: 959 0.200 2.5 0.00 0.000500 1591M0 -1000.0 1000.0 -3275.29 0.117000 0.000 0.000 0.000 184.880 1.270 2031
##														     	   
## G 160 - 191  Section KL											     	   
##														     	   
Element: 960 0.200 2.5 0.00 0.000500 1592M0 -1000.0 1000.0 -3278.98 0.117000 0.000 0.000 0.000 186.060 1.280 2352
Element: 961 0.200 2.5 0.00 0.000500 1608M0 -1000.0 1000.0 -3287.49 0.117000 0.000 0.000 0.000 187.240 1.280 2353
Element: 962 0.200 2.5 0.00 0.000500 1593M0 -1000.0 1000.0 -3282.87 0.117000 0.000 0.000 0.000 188.430 1.290 2354
Element: 963 0.200 2.5 0.00 0.000500 1609M0 -1000.0 1000.0 -3279.27 0.117000 0.000 0.000 0.000 189.610 1.300 2355
Element: 964 0.200 2.5 0.00 0.000500 1594M0 -1000.0 1000.0 -3270.32 0.117000 0.000 0.000 0.000 190.800 1.310 2356
Element: 965 0.200 2.5 0.00 0.000500 1610M0 -1000.0 1000.0 -3268.86 0.117000 0.000 0.000 0.000 191.990 1.320 2357
Element: 966 0.200 2.5 0.00 0.000500 1595M0 -1000.0 1000.0 -3271.15 0.117000 0.000 0.000 0.000 193.190 1.290 2358
Element: 967 0.200 2.5 0.00 0.000500 1611M0 -1000.0 1000.0 -3271.21 0.117000 0.000 0.000 0.000 194.370 1.270 2359
Element: 968 0.200 2.5 0.00 0.000500 1596M0 -1000.0 1000.0 -3283.62 0.117000 0.000 0.000 0.000 195.560 1.280 2360
Element: 969 0.200 2.5 0.00 0.000500 1612M0 -1000.0 1000.0 -3284.20 0.117000 0.000 0.000 0.000 196.760 1.280 2361
Element: 970 0.200 2.5 0.00 0.000500 1597M0 -1000.0 1000.0 -3270.87 0.117000 0.000 0.000 0.000 197.950 1.290 2362
Element: 971 0.200 2.5 0.00 0.000500 1613M0 -1000.0 1000.0 -3275.38 0.117000 0.000 0.000 0.000 199.150 1.300 2363
Element: 972 0.200 2.5 0.00 0.000500 1598M0 -1000.0 1000.0 -3280.53 0.117000 0.000 0.000 0.000 200.350 1.310 2364
Element: 973 0.200 2.5 0.00 0.000500 1614M0 -1000.0 1000.0 -3288.15 0.117000 0.000 0.000 0.000 201.560 1.320 2365
Element: 974 0.200 2.5 0.00 0.000500 1599M0 -1000.0 1000.0 -3274.17 0.117000 0.000 0.000 0.000 202.760 1.320 2366
Element: 975 0.200 2.5 0.00 0.000500 1615M0 -1000.0 1000.0 -3279.37 0.117000 0.000 0.000 0.000 203.970 1.330 2367
Element: 976 0.200 2.5 0.00 0.000500 1600M0 -1000.0 1000.0 -3284.31 0.117000 0.000 0.000 0.000 205.170 1.340 2368
Element: 977 0.200 2.5 0.00 0.000500 1616M0 -1000.0 1000.0 -3280.91 0.117000 0.000 0.000 0.000 206.400 1.320 2369
Element: 978 0.200 2.5 0.00 0.000500 1601M0 -1000.0 1000.0 -3276.96 0.117000 0.000 0.000 0.000 207.590 1.300 2370
Element: 979 0.200 2.5 0.00 0.000500 1617M0 -1000.0 1000.0 -3265.99 0.117000 0.000 0.000 0.000 208.810 1.310 2371
Element: 980 0.200 2.5 0.00 0.000500 1602M0 -1000.0 1000.0 -3280.32 0.117000 0.000 0.000 0.000 210.020 1.310 2372
Element: 981 0.200 2.5 0.00 0.000500 1618M0 -1000.0 1000.0 -3272.02 0.117000 0.000 0.000 0.000 211.230 1.320 2373
Element: 982 0.200 2.5 0.00 0.000500 1603M0 -1000.0 1000.0 -3284.51 0.117000 0.000 0.000 0.000 212.450 1.330 2374
Element: 983 0.200 2.5 0.00 0.000500 1619M0 -1000.0 1000.0 -3274.73 0.117000 0.000 0.000 0.000 213.670 1.340 2375
Element: 984 0.200 2.5 0.00 0.000500 1604M0 -1000.0 1000.0 -3278.29 0.117000 0.000 0.000 0.000 214.890 1.350 2376
Element: 985 0.200 2.5 0.00 0.000500 1620M0 -1000.0 1000.0 -3109.16 0.117000 0.000 0.000 0.000 216.110 1.350 2377
Element: 986 0.200 2.5 0.00 0.000500 1605M0 -1000.0 1000.0 -3267.90 0.117000 0.000 0.000 0.000 217.330 1.360 2378
Element: 987 0.200 2.5 0.00 0.000500 1621M0 -1000.0 1000.0 -3312.28 0.117000 0.000 0.000 0.000 218.560 1.370 2379
Element: 988 0.200 2.5 0.00 0.000500 1606M0 -1000.0 1000.0 -3272.70 0.117000 0.000 0.000 0.000 219.800 1.340 2380
Element: 989 0.200 2.5 0.00 0.000500 1622M0 -1000.0 1000.0 -3258.17 0.117000 0.000 0.000 0.000 221.010 1.320 2381
Element: 990 0.200 2.5 0.00 0.000500 1607M0 -1000.0 1000.0 -3265.71 0.117000 0.000 0.000 0.000 222.240 1.320 2382
Element: 991 0.200 2.5 0.00 0.000500 1623M0 -1000.0 1000.0 -3257.29 0.117000 0.000 0.000 0.000 223.470 1.330 2383
##														     	   
## G 192 - 223  Section MN											     	   
##														     	   
Element: 992 0.200 2.5 0.00 0.000500 1624M0 -1000.0 1000.0 -3243.17 0.117000 0.000 0.000 0.000 224.700 1.340 2640
Element: 993 0.200 2.5 0.00 0.000500 1640M0 -1000.0 1000.0 -3275.13 0.117000 0.000 0.000 0.000 225.930 1.350 2641
Element: 994 0.200 2.5 0.00 0.000500 1625M0 -1000.0 1000.0 -3276.96 0.117000 0.000 0.000 0.000 227.160 1.350 2642
Element: 995 0.200 2.5 0.00 0.000500 1641M0 -1000.0 1000.0 -3282.08 0.117000 0.000 0.000 0.000 228.400 1.360 2643
Element: 996 0.200 2.5 0.00 0.000500 1626M0 -1000.0 1000.0 -3286.00 0.117000 0.000 0.000 0.000 229.630 1.370 2644
Element: 997 0.200 2.5 0.00 0.000500 1642M0 -1000.0 1000.0 -3285.47 0.117000 0.000 0.000 0.000 230.870 1.380 2645
Element: 998 0.200 2.5 0.00 0.000500 1627M0 -1000.0 1000.0 -3272.88 0.117000 0.000 0.000 0.000 232.110 1.380 2646
Element: 999 0.200 2.5 0.00 0.000500 1643M0 -1000.0 1000.0 -3273.30 0.117000 0.000 0.000 0.000 233.340 1.390 2647
Element: 1000 0.200 2.5 0.00 0.000500 1628M0 -1000.0 1000.0 -3276.36 0.117000 0.000 0.000 0.000 234.600 1.370 2648
Element: 1001 0.200 2.5 0.00 0.000500 1644M0 -1000.0 1000.0 -3274.50 0.117000 0.000 0.000 0.000 235.830 1.340 2649
Element: 1002 0.200 2.5 0.00 0.000500 1629M0 -1000.0 1000.0 -3271.31 0.117000 0.000 0.000 0.000 237.070 1.350 2650
Element: 1003 0.200 2.5 0.00 0.000500 1645M0 -1000.0 1000.0 -3282.84 0.117000 0.000 0.000 0.000 238.310 1.360 2651
Element: 1004 0.200 2.5 0.00 0.000500 1630M0 -1000.0 1000.0 -3270.96 0.117000 0.000 0.000 0.000 239.550 1.370 2652
Element: 1005 0.200 2.5 0.00 0.000500 1646M0 -1000.0 1000.0 -3276.73 0.117000 0.000 0.000 0.000 240.800 1.380 2653
Element: 1006 0.200 2.5 0.00 0.000500 1631M0 -1000.0 1000.0 -3272.00 0.117000 0.000 0.000 0.000 242.050 1.380 2654
Element: 1007 0.200 2.5 0.00 0.000500 1647M0 -1000.0 1000.0 -3274.75 0.117000 0.000 0.000 0.000 243.290 1.390 2655
Element: 1008 0.200 2.5 0.00 0.000500 1632M0 -1000.0 1000.0 -3268.49 0.117000 0.000 0.000 0.000 244.540 1.400 2656
Element: 1009 0.200 2.5 0.00 0.000500 1648M0 -1000.0 1000.0 -3258.43 0.117000 0.000 0.000 0.000 245.790 1.400 2657
Element: 1010 0.200 2.5 0.00 0.000500 1633M0 -1000.0 1000.0 -3265.47 0.117000 0.000 0.000 0.000 247.040 1.410 2658
Element: 1011 0.200 2.5 0.00 0.000500 1649M0 -1000.0 1000.0 -3250.50 0.117000 0.000 0.000 0.000 248.290 1.420 2659
Element: 1012 0.200 2.5 0.00 0.000500 1634M0 -1000.0 1000.0 -3265.35 0.117000 0.000 0.000 0.000 249.560 1.390 2660
Element: 1013 0.200 2.5 0.00 0.000500 1650M0 -1000.0 1000.0 -3260.71 0.117000 0.000 0.000 0.000 250.790 1.360 2661
Element: 1014 0.200 2.5 0.00 0.000500 1635M0 -1000.0 1000.0 -3262.25 0.117000 0.000 0.000 0.000 252.050 1.370 2662
Element: 1015 0.200 2.5 0.00 0.000500 1651M0 -1000.0 1000.0 -3259.41 0.117000 0.000 0.000 0.000 253.300 1.370 2663
Element: 1016 0.200 2.5 0.00 0.000500 1636M0 -1000.0 1000.0 -3272.70 0.117000 0.000 0.000 0.000 254.560 1.380 2664
Element: 1017 0.200 2.5 0.00 0.000500 1652M0 -1000.0 1000.0 -3265.84 0.117000 0.000 0.000 0.000 255.810 1.390 2665
Element: 1018 0.200 2.5 0.00 0.000500 1637M0 -1000.0 1000.0 -3267.53 0.117000 0.000 0.000 0.000 257.070 1.400 2666
Element: 1019 0.200 2.5 0.00 0.000500 1653M0 -1000.0 1000.0 -3259.62 0.117000 0.000 0.000 0.000 258.330 1.400 2667
Element: 1020 0.200 2.5 0.00 0.000500 1638M0 -1000.0 1000.0 -3258.33 0.117000 0.000 0.000 0.000 259.580 1.410 2668
Element: 1021 0.200 2.5 0.00 0.000500 1654M0 -1000.0 1000.0 -3263.21 0.117000 0.000 0.000 0.000 260.840 1.420 2669
Element: 1022 0.200 2.5 0.00 0.000500 1639M0 -1000.0 1000.0 -3258.08 0.117000 0.000 0.000 0.000 262.100 1.420 2670
Element: 1023 0.200 2.5 0.00 0.000500 1655M0 -1000.0 1000.0 -3250.54 0.117000 0.000 0.000 0.000 263.360 1.430 2671
##														     	   
## G 224 - 255  Section OP											     	   
##														     	   
Element: 1024 0.200 2.5 0.00 0.000500 1656M0 -1000.0 1000.0 -3259.25 0.117000 0.000 0.000 0.000 264.640 1.400 2032
Element: 1025 0.200 2.5 0.00 0.000500 1672M0 -1000.0 1000.0 -3256.51 0.117000 0.000 0.000 0.000 265.880 1.370 2033
Element: 1026 0.200 2.5 0.00 0.000500 1657M0 -1000.0 1000.0 -3262.75 0.117000 0.000 0.000 0.000 267.140 1.380 2034
Element: 1027 0.200 2.5 0.00 0.000500 1673M0 -1000.0 1000.0 -3269.77 0.117000 0.000 0.000 0.000 268.410 1.380 2035
Element: 1028 0.200 2.5 0.00 0.000500 1658M0 -1000.0 1000.0 -3274.38 0.117000 0.000 0.000 0.000 269.670 1.390 2036
Element: 1029 0.200 2.5 0.00 0.000500 1674M0 -1000.0 1000.0 -3266.48 0.117000 0.000 0.000 0.000 270.930 1.400 2037
Element: 1030 0.200 2.5 0.00 0.000500 1659M0 -1000.0 1000.0 -3262.56 0.117000 0.000 0.000 0.000 272.190 1.400 2038
Element: 1031 0.200 2.5 0.00 0.000500 1675M0 -1000.0 1000.0 -3269.38 0.117000 0.000 0.000 0.000 273.460 1.410 2039
Element: 1032 0.200 2.5 0.00 0.000500 1660M0 -1000.0 1000.0 -3272.22 0.117000 0.000 0.000 0.000 274.720 1.420 2040
Element: 1033 0.200 2.5 0.00 0.000500 1676M0 -1000.0 1000.0 -3275.65 0.117000 0.000 0.000 0.000 275.990 1.420 2041
Element: 1034 0.200 2.5 0.00 0.000500 1661M0 -1000.0 1000.0 -3250.06 0.117000 0.000 0.000 0.000 277.250 1.430 2042
Element: 1035 0.200 2.5 0.00 0.000500 1677M0 -1000.0 1000.0 -3270.62 0.117000 0.000 0.000 0.000 278.520 1.440 2043
Element: 1036 0.200 2.5 0.00 0.000500 1662M0 -1000.0 1000.0 -3261.55 0.117000 0.000 0.000 0.000 279.800 1.410 2044
Element: 1037 0.200 2.5 0.00 0.000500 1678M0 -1000.0 1000.0 -3265.46 0.117000 0.000 0.000 0.000 281.050 1.380 2045
Element: 1038 0.200 2.5 0.00 0.000500 1663M0 -1000.0 1000.0 -3252.39 0.117000 0.000 0.000 0.000 282.320 1.390 2046
Element: 1039 0.200 2.5 0.00 0.000500 1679M0 -1000.0 1000.0 -3267.77 0.117000 0.000 0.000 0.000 283.590 1.400 2047
Element: 1040 0.200 2.5 0.00 0.000500 1664M0 -1000.0 1000.0 -3265.54 0.117000 0.000 0.000 0.000 284.850 1.400 2048
Element: 1041 0.200 2.5 0.00 0.000500 1680M0 -1000.0 1000.0 -3257.80 0.117000 0.000 0.000 0.000 286.120 1.410 2049
Element: 1042 0.200 2.5 0.00 0.000500 1665M0 -1000.0 1000.0 -3251.77 0.117000 0.000 0.000 0.000 287.390 1.420 2050
Element: 1043 0.200 2.5 0.00 0.000500 1681M0 -1000.0 1000.0 -3253.23 0.117000 0.000 0.000 0.000 288.660 1.420 2051
Element: 1044 0.200 2.5 0.00 0.000500 1666M0 -1000.0 1000.0 -3265.30 0.117000 0.000 0.000 0.000 289.930 1.430 2052
Element: 1045 0.200 2.5 0.00 0.000500 1682M0 -1000.0 1000.0 -3250.97 0.117000 0.000 0.000 0.000 291.190 1.440 2053
Element: 1046 0.200 2.5 0.00 0.000500 1667M0 -1000.0 1000.0 -3251.68 0.117000 0.000 0.000 0.000 292.460 1.440 2054
Element: 1047 0.200 2.5 0.00 0.000500 1683M0 -1000.0 1000.0 -3250.92 0.117000 0.000 0.000 0.000 293.730 1.450 2055
Element: 1048 0.200 2.5 0.00 0.000500 1668M0 -1000.0 1000.0 -3262.35 0.117000 0.000 0.000 0.000 295.020 1.420 2056
Element: 1049 0.200 2.5 0.00 0.000500 1684M0 -1000.0 1000.0 -3256.37 0.117000 0.000 0.000 0.000 296.270 1.390 2057
Element: 1050 0.200 2.5 0.00 0.000500 1669M0 -1000.0 1000.0 -3267.90 0.117000 0.000 0.000 0.000 297.540 1.400 2058
Element: 1051 0.200 2.5 0.00 0.000500 1685M0 -1000.0 1000.0 -3251.01 0.117000 0.000 0.000 0.000 298.810 1.410 2059
Element: 1052 0.200 2.5 0.00 0.000500 1670M0 -1000.0 1000.0 -3255.66 0.117000 0.000 0.000 0.000 300.080 1.410 2060
Element: 1053 0.200 2.5 0.00 0.000500 1686M0 -1000.0 1000.0 -3254.83 0.117000 0.000 0.000 0.000 301.350 1.420 2061
Element: 1054 0.200 2.5 0.00 0.000500 1671M0 -1000.0 1000.0 -3249.30 0.117000 0.000 0.000 0.000 302.620 1.430 2062
Element: 1055 0.200 2.5 0.00 0.000500 1687M0 -1000.0 1000.0 -3238.40 0.117000 0.000 0.000 0.000 303.890 1.430 2063
##														     	   
## G 256 - 287  Section QR											     	   
##														     	   
Element: 1056 0.200 2.5 0.00 0.000500 1688M0 -1000.0 1000.0 -3239.58 0.117000 0.000 0.000 0.000 305.160 1.440 2320
Element: 1057 0.200 2.5 0.00 0.000500 1704M0 -1000.0 1000.0 -3245.64 0.117000 0.000 0.000 0.000 306.430 1.440 2321
Element: 1058 0.200 2.5 0.00 0.000500 1689M0 -1000.0 1000.0 -3244.19 0.117000 0.000 0.000 0.000 307.700 1.450 2322
Element: 1059 0.200 2.5 0.00 0.000500 1705M0 -1000.0 1000.0 -3245.73 0.117000 0.000 0.000 0.000 308.970 1.460 2323
Element: 1060 0.200 2.5 0.00 0.000500 1690M0 -1000.0 1000.0 -3246.41 0.117000 0.000 0.000 0.000 310.260 1.430 2324
Element: 1061 0.200 2.5 0.00 0.000500 1706M0 -1000.0 1000.0 -3247.92 0.117000 0.000 0.000 0.000 311.510 1.400 2325
Element: 1062 0.200 2.5 0.00 0.000500 1691M0 -1000.0 1000.0 -3242.19 0.117000 0.000 0.000 0.000 312.780 1.400 2326
Element: 1063 0.200 2.5 0.00 0.000500 1707M0 -1000.0 1000.0 -3242.75 0.117000 0.000 0.000 0.000 314.050 1.410 2327
Element: 1064 0.200 2.5 0.00 0.000500 1692M0 -1000.0 1000.0 -3246.60 0.117000 0.000 0.000 0.000 315.320 1.420 2328
Element: 1065 0.200 2.5 0.00 0.000500 1708M0 -1000.0 1000.0 -3252.03 0.117000 0.000 0.000 0.000 316.590 1.420 2329
Element: 1066 0.200 2.5 0.00 0.000500 1693M0 -1000.0 1000.0 -3248.33 0.117000 0.000 0.000 0.000 317.860 1.430 2330
Element: 1067 0.200 2.5 0.00 0.000500 1709M0 -1000.0 1000.0 -3245.28 0.117000 0.000 0.000 0.000 319.130 1.440 2331
Element: 1068 0.200 2.5 0.00 0.000500 1694M0 -1000.0 1000.0 -3240.60 0.117000 0.000 0.000 0.000 320.400 1.440 2332
Element: 1069 0.200 2.5 0.00 0.000500 1710M0 -1000.0 1000.0 -3253.37 0.117000 0.000 0.000 0.000 321.670 1.450 2333
Element: 1070 0.200 2.5 0.00 0.000500 1695M0 -1000.0 1000.0 -3251.51 0.117000 0.000 0.000 0.000 322.940 1.450 2334
Element: 1071 0.200 2.5 0.00 0.000500 1711M0 -1000.0 1000.0 -3254.01 0.117000 0.000 0.000 0.000 324.210 1.460 2335
Element: 1072 0.200 2.5 0.00 0.000500 1696M0 -1000.0 1000.0 -3253.82 0.117000 0.000 0.000 0.000 325.490 1.440 2336
Element: 1073 0.200 2.5 0.00 0.000500 1712M0 -1000.0 1000.0 -3241.73 0.117000 0.000 0.000 0.000 326.740 1.410 2337
Element: 1074 0.200 2.5 0.00 0.000500 1697M0 -1000.0 1000.0 -3236.00 0.117000 0.000 0.000 0.000 328.010 1.420 2338
Element: 1075 0.200 2.5 0.00 0.000500 1713M0 -1000.0 1000.0 -3234.37 0.117000 0.000 0.000 0.000 329.280 1.420 2339
Element: 1076 0.200 2.5 0.00 0.000500 1698M0 -1000.0 1000.0 -3248.01 0.117000 0.000 0.000 0.000 330.550 1.430 2340
Element: 1077 0.200 2.5 0.00 0.000500 1714M0 -1000.0 1000.0 -3247.00 0.117000 0.000 0.000 0.000 331.810 1.440 2341
Element: 1078 0.200 2.5 0.00 0.000500 1699M0 -1000.0 1000.0 -3242.93 0.117000 0.000 0.000 0.000 333.080 1.440 2342
Element: 1079 0.200 2.5 0.00 0.000500 1715M0 -1000.0 1000.0 -3240.51 0.117000 0.000 0.000 0.000 334.350 1.450 2343
Element: 1080 0.200 2.5 0.00 0.000500 1700M0 -1000.0 1000.0 -3244.91 0.117000 0.000 0.000 0.000 335.610 1.450 2344
Element: 1081 0.200 2.5 0.00 0.000500 1716M0 -1000.0 1000.0 -3238.22 0.117000 0.000 0.000 0.000 336.880 1.460 2345
Element: 1082 0.200 2.5 0.00 0.000500 1701M0 -1000.0 1000.0 -3231.90 0.117000 0.000 0.000 0.000 338.140 1.470 2346
Element: 1083 0.200 2.5 0.00 0.000500 1717M0 -1000.0 1000.0 -3227.45 0.117000 0.000 0.000 0.000 339.410 1.470 2347
Element: 1084 0.200 2.5 0.00 0.000500 1702M0 -1000.0 1000.0 -3231.36 0.117000 0.000 0.000 0.000 340.690 1.440 2348
Element: 1085 0.200 2.5 0.00 0.000500 1718M0 -1000.0 1000.0 -3224.87 0.117000 0.000 0.000 0.000 341.940 1.410 2349
Element: 1086 0.200 2.5 0.00 0.000500 1703M0 -1000.0 1000.0 -3230.89 0.117000 0.000 0.000 0.000 343.200 1.410 2350
Element: 1087 0.200 2.5 0.00 0.000500 1719M0 -1000.0 1000.0 -3216.31 0.117000 0.000 0.000 0.000 344.470 1.420 2351
##														     	   
## G 288 - 319  Section ST											     	   
##														     	   
Element: 1088 0.200 2.5 0.00 0.000500 1720M0 -1000.0 1000.0 -3228.09 0.117000 0.000 0.000 0.000 345.730 1.420 2608
Element: 1089 0.200 2.5 0.00 0.000500 1736M0 -1000.0 1000.0 -3238.85 0.117000 0.000 0.000 0.000 346.990 1.430 2609
Element: 1090 0.200 2.5 0.00 0.000500 1721M0 -1000.0 1000.0 -3240.06 0.117000 0.000 0.000 0.000 348.260 1.430 2610
Element: 1091 0.200 2.5 0.00 0.000500 1737M0 -1000.0 1000.0 -3234.98 0.117000 0.000 0.000 0.000 349.520 1.440 2611
Element: 1092 0.200 2.5 0.00 0.000500 1722M0 -1000.0 1000.0 -3237.86 0.117000 0.000 0.000 0.000 350.780 1.450 2612
Element: 1093 0.200 2.5 0.00 0.000500 1738M0 -1000.0 1000.0 -3247.57 0.117000 0.000 0.000 0.000 352.040 1.450 2613
Element: 1094 0.200 2.5 0.00 0.000500 1723M0 -1000.0 1000.0 -3249.69 0.117000 0.000 0.000 0.000 353.300 1.460 2614
Element: 1095 0.200 2.5 0.00 0.000500 1739M0 -1000.0 1000.0 -3251.08 0.117000 0.000 0.000 0.000 354.560 1.460 2615
Element: 1096 0.200 2.5 0.00 0.000500 1724M0 -1000.0 1000.0 -3234.53 0.117000 0.000 0.000 0.000 355.840 1.440 2616
Element: 1097 0.200 2.5 0.00 0.000500 1740M0 -1000.0 1000.0 -3235.08 0.117000 0.000 0.000 0.000 357.080 1.410 2617
Element: 1098 0.200 2.5 0.00 0.000500 1725M0 -1000.0 1000.0 -3235.75 0.117000 0.000 0.000 0.000 358.340 1.420 2618
Element: 1099 0.200 2.5 0.00 0.000500 1741M0 -1000.0 1000.0 -3244.05 0.117000 0.000 0.000 0.000 359.590 1.420 2619
Element: 1100 0.200 2.5 0.00 0.000500 1726M0 -1000.0 1000.0 -3238.56 0.117000 0.000 0.000 0.000 360.850 1.430 2620
Element: 1101 0.200 2.5 0.00 0.000500 1742M0 -1000.0 1000.0 -3243.56 0.117000 0.000 0.000 0.000 362.110 1.430 2621
Element: 1102 0.200 2.5 0.00 0.000500 1727M0 -1000.0 1000.0 -3233.60 0.117000 0.000 0.000 0.000 363.360 1.440 2622
Element: 1103 0.200 2.5 0.00 0.000500 1743M0 -1000.0 1000.0 -3236.45 0.117000 0.000 0.000 0.000 364.620 1.440 2623
Element: 1104 0.200 2.5 0.00 0.000500 1728M0 -1000.0 1000.0 -3233.36 0.117000 0.000 0.000 0.000 365.870 1.450 2624
Element: 1105 0.200 2.5 0.00 0.000500 1744M0 -1000.0 1000.0 -3233.84 0.117000 0.000 0.000 0.000 367.130 1.450 2625
Element: 1106 0.200 2.5 0.00 0.000500 1729M0 -1000.0 1000.0 -3240.45 0.117000 0.000 0.000 0.000 368.380 1.460 2626
Element: 1107 0.200 2.5 0.00 0.000500 1745M0 -1000.0 1000.0 -3232.57 0.117000 0.000 0.000 0.000 369.640 1.460 2627
Element: 1108 0.200 2.5 0.00 0.000500 1730M0 -1000.0 1000.0 -3247.48 0.117000 0.000 0.000 0.000 370.900 1.440 2628
Element: 1109 0.200 2.5 0.00 0.000500 1746M0 -1000.0 1000.0 -3238.53 0.117000 0.000 0.000 0.000 372.140 1.410 2629
Element: 1110 0.200 2.5 0.00 0.000500 1731M0 -1000.0 1000.0 -3243.05 0.117000 0.000 0.000 0.000 373.390 1.410 2630
Element: 1111 0.200 2.5 0.00 0.000500 1747M0 -1000.0 1000.0 -3239.70 0.117000 0.000 0.000 0.000 374.640 1.420 2631
Element: 1112 0.200 2.5 0.00 0.000500 1732M0 -1000.0 1000.0 -3243.39 0.117000 0.000 0.000 0.000 375.890 1.420 2632
Element: 1113 0.200 2.5 0.00 0.000500 1748M0 -1000.0 1000.0 -3236.06 0.117000 0.000 0.000 0.000 377.140 1.430 2633
Element: 1114 0.200 2.5 0.00 0.000500 1733M0 -1000.0 1000.0 -3238.46 0.117000 0.000 0.000 0.000 378.390 1.430 2634
Element: 1115 0.200 2.5 0.00 0.000500 1749M0 -1000.0 1000.0 -3235.83 0.117000 0.000 0.000 0.000 379.630 1.440 2635
Element: 1116 0.200 2.5 0.00 0.000500 1734M0 -1000.0 1000.0 -3231.81 0.117000 0.000 0.000 0.000 380.880 1.450 2636
Element: 1117 0.200 2.5 0.00 0.000500 1750M0 -1000.0 1000.0 -3231.35 0.117000 0.000 0.000 0.000 382.130 1.450 2637
Element: 1118 0.200 2.5 0.00 0.000500 1735M0 -1000.0 1000.0 -3234.62 0.117000 0.000 0.000 0.000 383.370 1.460 2638
Element: 1119 0.200 2.5 0.00 0.000500 1751M0 -1000.0 1000.0 -3227.86 0.117000 0.000 0.000 0.000 384.620 1.460 2639
##														     	   
## G 320 - 351  Section UV											     	   
##														     	   
Element: 1120 0.200 2.5 0.00 0.000500 1752M0 -1000.0 1000.0 -3236.29 0.117000 0.000 0.000 0.000 385.860 1.470 2896
Element: 1121 0.200 2.5 0.00 0.000500 1768M0 -1000.0 1000.0 -3244.80 0.117000 0.000 0.000 0.000 387.120 1.440 2897
Element: 1122 0.200 2.5 0.00 0.000500 1753M0 -1000.0 1000.0 -3239.04 0.117000 0.000 0.000 0.000 388.340 1.410 2898
Element: 1123 0.200 2.5 0.00 0.000500 1769M0 -1000.0 1000.0 -3233.10 0.117000 0.000 0.000 0.000 389.580 1.410 2899
Element: 1124 0.200 2.5 0.00 0.000500 1754M0 -1000.0 1000.0 -3239.55 0.117000 0.000 0.000 0.000 390.830 1.420 2900
Element: 1125 0.200 2.5 0.00 0.000500 1770M0 -1000.0 1000.0 -3239.31 0.117000 0.000 0.000 0.000 392.060 1.420 2901
Element: 1126 0.200 2.5 0.00 0.000500 1755M0 -1000.0 1000.0 -3241.38 0.117000 0.000 0.000 0.000 393.300 1.430 2902
Element: 1127 0.200 2.5 0.00 0.000500 1771M0 -1000.0 1000.0 -3237.19 0.117000 0.000 0.000 0.000 394.540 1.430 2903
Element: 1128 0.200 2.5 0.00 0.000500 1756M0 -1000.0 1000.0 -3239.71 0.117000 0.000 0.000 0.000 395.780 1.440 2904
Element: 1129 0.200 2.5 0.00 0.000500 1772M0 -1000.0 1000.0 -3243.64 0.117000 0.000 0.000 0.000 397.010 1.440 2905
Element: 1130 0.200 2.5 0.00 0.000500 1757M0 -1000.0 1000.0 -3229.77 0.117000 0.000 0.000 0.000 398.250 1.450 2906
Element: 1131 0.200 2.5 0.00 0.000500 1773M0 -1000.0 1000.0 -3234.31 0.117000 0.000 0.000 0.000 399.480 1.450 2907
Element: 1132 0.200 2.5 0.00 0.000500 1758M0 -1000.0 1000.0 -3229.83 0.117000 0.000 0.000 0.000 400.720 1.460 2908
Element: 1133 0.200 2.5 0.00 0.000500 1774M0 -1000.0 1000.0 -3239.62 0.117000 0.000 0.000 0.000 401.950 1.460 2909
Element: 1134 0.200 2.5 0.00 0.000500 1759M0 -1000.0 1000.0 -3228.18 0.117000 0.000 0.000 0.000 403.200 1.430 2910
Element: 1135 0.200 2.5 0.00 0.000500 1775M0 -1000.0 1000.0 -3240.42 0.117000 0.000 0.000 0.000 404.410 1.400 2911
Element: 1136 0.200 2.5 0.00 0.000500 1760M0 -1000.0 1000.0 -3232.53 0.117000 0.000 0.000 0.000 405.640 1.410 2912
Element: 1137 0.200 2.5 0.00 0.000500 1776M0 -1000.0 1000.0 -3231.31 0.117000 0.000 0.000 0.000 406.870 1.410 2913
Element: 1138 0.200 2.5 0.00 0.000500 1761M0 -1000.0 1000.0 -3239.02 0.117000 0.000 0.000 0.000 408.100 1.420 2914
Element: 1139 0.200 2.5 0.00 0.000500 1777M0 -1000.0 1000.0 -3221.55 0.117000 0.000 0.000 0.000 409.330 1.420 2915
Element: 1140 0.200 2.5 0.00 0.000500 1762M0 -1000.0 1000.0 -3239.56 0.117000 0.000 0.000 0.000 410.550 1.430 2916
Element: 1141 0.200 2.5 0.00 0.000500 1778M0 -1000.0 1000.0 -3236.08 0.117000 0.000 0.000 0.000 411.780 1.430 2917
Element: 1142 0.200 2.5 0.00 0.000500 1763M0 -1000.0 1000.0 -3237.05 0.117000 0.000 0.000 0.000 413.000 1.440 2918
Element: 1143 0.200 2.5 0.00 0.000500 1779M0 -1000.0 1000.0 -3242.84 0.117000 0.000 0.000 0.000 414.230 1.440 2919
Element: 1144 0.200 2.5 0.00 0.000500 1764M0 -1000.0 1000.0 -3242.65 0.117000 0.000 0.000 0.000 415.450 1.450 2920
Element: 1145 0.200 2.5 0.00 0.000500 1780M0 -1000.0 1000.0 -3226.98 0.117000 0.000 0.000 0.000 416.670 1.450 2921
Element: 1146 0.200 2.5 0.00 0.000500 1765M0 -1000.0 1000.0 -3232.14 0.117000 0.000 0.000 0.000 417.890 1.460 2922
Element: 1147 0.200 2.5 0.00 0.000500 1781M0 -1000.0 1000.0 -3226.32 0.117000 0.000 0.000 0.000 419.130 1.430 2923
Element: 1148 0.200 2.5 0.00 0.000500 1766M0 -1000.0 1000.0 -3223.19 0.117000 0.000 0.000 0.000 420.330 1.390 2924
Element: 1149 0.200 2.5 0.00 0.000500 1782M0 -1000.0 1000.0 -3219.54 0.117000 0.000 0.000 0.000 421.550 1.400 2925
Element: 1150 0.200 2.5 0.00 0.000500 1767M0 -1000.0 1000.0 -3216.21 0.117000 0.000 0.000 0.000 422.760 1.400 2926
Element: 1151 0.200 2.5 0.00 0.000500 1783M0 -1000.0 1000.0 -3219.22 0.117000 0.000 0.000 0.000 423.980 1.410 2927
Initialise: 
Display: 1D Nhits       32 0 32
Display: 1D NhitsPrompt 32 0 32
Display: 1D NhitsRand   32 0 32
Display: 1D Hits        352 0 352
Display: 1D HitsPrompt  352 0 352
Display: 1D HitsRand    352 0 352
#Display: 1D EnergyOR    200 0 2.5
Display: 1D TimeOR     1000 -1000.0 1000.0
#Display: 1D Energy 100 0 2.5   0 352
#Display: 1D Time  1000 -1000.0 1000.0   0 352
Display: 1D Eelect   352 v2u_plot/v2u_450_plot.ehist
Display: 1D ScalerCurr 352 0 352
Display: 1D ScalerAcc  352 0 352
Display: 1D Doubles  	352 0 352
Display: 1D NDoubles  	32 0 32
#Display: 2D EnergyOR 100 0 2.5 -1 Hits 352 0 352 -1
#Display: 2D EnergyOR 100 0 2.5 -1 Doubles 352 0 352 -1
Display: 2D TimeOR   200 -1000.0 1000.0 -1 Hits 352 0 352 -1
Display: 2D TimeOR   200 -1000.0 1000.0 -1 Doubles 352 0 352 -1
