##
Size:  384    1       1       1
RawHits:
#
Element:  20001   -1  4097  0.0  1.0  20008  -1  4097  0.0  1.0   -5.196152    3.000000  146.350000
Element:  20005   -1  4097  0.0  1.0  20009   1  4097  0.0  1.0  -10.392304    6.000000  146.350000
Element:  20013   -1  4097  0.0  1.0  20010   1  4097  0.0  1.0  -10.392304    0.000000  146.350000
Element:  20017   -1  4097  0.0  1.0  20011   1  4097  0.0  1.0  -15.588456    9.000000  146.350000
Element:  20033   -1  4097  0.0  1.0  20040   1  4097  0.0  1.0  -15.588456    3.000000  146.350000
Element:  20037   -1  4097  0.0  1.0  20041   1  4097  0.0  1.0  -15.588456   -3.000000  146.350000
Element:  20045   -1  4097  0.0  1.0  20042   1  4097  0.0  1.0  -20.784609   12.000000  146.350000
Element:  20049   -1  4097  0.0  1.0  20043   1  4097  0.0  1.0  -20.784609    6.000000  146.350000
Element:  20065   -1  4097  0.0  1.0  20072   1  4097  0.0  1.0  -20.784609    0.000000  146.350000
Element:  20069   -1  4097  0.0  1.0  20073   1  4097  0.0  1.0  -20.784609   -6.000000  146.350000
Element:  20077   -1  4097  0.0  1.0  20074   1  4097  0.0  1.0  -25.980761   15.000000  146.350000
Element:  20081   -1  4097  0.0  1.0  20075   1  4097  0.0  1.0  -25.980761    9.000000  146.350000
Element:  20097   -1  4097  0.0  1.0  20104   1  4097  0.0  1.0  -25.980761    3.000000  146.350000
Element:  20101   -1  4097  0.0  1.0  20105   1  4097  0.0  1.0  -25.980761   -3.000000  146.350000
Element:  20109   -1  4097  0.0  1.0  20106   1  4097  0.0  1.0  -25.980761   -9.000000  146.350000
Element:  20113   -1  4097  0.0  1.0  20107   1  4097  0.0  1.0  -31.176912   18.000000  146.350000
Element:  20129   -1  4097  0.0  1.0  20136   1  4097  0.0  1.0  -31.176912   12.000000  146.350000
Element:  20133   -1  4097  0.0  1.0  20137   1  4097  0.0  1.0  -31.176912    6.000000  146.350000
Element:  20141   -1  4097  0.0  1.0  20138   1  4097  0.0  1.0  -31.176912    0.000000  146.350000
Element:  20145   -1  4097  0.0  1.0  20139   1  4097  0.0  1.0  -31.176912   -6.000000  146.350000
Element:  20161   -1  4097  0.0  1.0  20168   1  4097  0.0  1.0  -31.176912  -12.000000  146.350000
Element:  20165   -1  4097  0.0  1.0  20169   1  4097  0.0  1.0  -36.373062   21.000000  146.350000
Element:  20173   -1  4097  0.0  1.0  20170   1  4097  0.0  1.0  -36.373062   15.000000  146.350000
Element:  20177   -1  4097  0.0  1.0  20171   1  4097  0.0  1.0  -36.373062    9.000000  146.350000
Element:  20193   -1  4097  0.0  1.0  20200   1  4097  0.0  1.0  -36.373062    3.000000  146.350000
Element:  20197   -1  4097  0.0  1.0  20201   1  4097  0.0  1.0  -36.373062   -3.000000  146.350000
Element:  20205   -1  4097  0.0  1.0  20202   1  4097  0.0  1.0  -36.373062   -9.000000  146.350000
Element:  20209   -1  4097  0.0  1.0  20203   1  4097  0.0  1.0  -36.373062  -15.000000  146.350000
Element:  20225   -1  4097  0.0  1.0  20232   1  4097  0.0  1.0  -41.569218   24.000000  146.350000
Element:  20229   -1  4097  0.0  1.0  20233   1  4097  0.0  1.0  -41.569218   18.000000  146.350000
Element:  20237   -1  4097  0.0  1.0  20234   1  4097  0.0  1.0  -41.569218   12.000000  146.350000
Element:  20241   -1  4097  0.0  1.0  20235   1  4097  0.0  1.0  -41.569218    6.000000  146.350000
Element:  20257   -1  4097  0.0  1.0  20264   1  4097  0.0  1.0  -41.569218    0.000000  146.350000
Element:  20261   -1  4097  0.0  1.0  20265   1  4097  0.0  1.0  -41.569218   -6.000000  146.350000
Element:  20269   -1  4097  0.0  1.0  20266   1  4097  0.0  1.0  -41.569218  -12.000000  146.350000
Element:  20273   -1  4097  0.0  1.0  20267   1  4097  0.0  1.0  -41.569218  -18.000000  146.350000
Element:  20289   -1  4097  0.0  1.0  20296   1  4097  0.0  1.0  -46.765369   27.000000  146.350000
Element:  20293   -1  4097  0.0  1.0  20297   1  4097  0.0  1.0  -46.765369   21.000000  146.350000
Element:  20301   -1  4097  0.0  1.0  20298   1  4097  0.0  1.0  -46.765369   15.000000  146.350000
Element:  20305   -1  4097  0.0  1.0  20299   1  4097  0.0  1.0  -46.765369    9.000000  146.350000
Element:  20321   -1  4097  0.0  1.0  20328   1  4097  0.0  1.0  -46.765369    3.000000  146.350000
Element:  20325   -1  4097  0.0  1.0  20329   1  4097  0.0  1.0  -46.765369   -3.000000  146.350000
Element:  20333   -1  4097  0.0  1.0  20330   1  4097  0.0  1.0  -46.765369   -9.000000  146.350000
Element:  20337   -1  4097  0.0  1.0  20331   1  4097  0.0  1.0  -46.765369  -15.000000  146.350000
Element:  20353   -1  4097  0.0  1.0  20360   1  4097  0.0  1.0  -46.765369  -21.000000  146.350000
Element:  20357   -1  4097  0.0  1.0  20361   1  4097  0.0  1.0  -51.961521   30.000000  146.350000
Element:  20365   -1  4097  0.0  1.0  20362   1  4097  0.0  1.0  -51.961521   24.000000  146.350000
Element:  20369   -1  4097  0.0  1.0  20363   1  4097  0.0  1.0  -51.961521   18.000000  146.350000
Element:  20385   -1  4097  0.0  1.0  20392   1  4097  0.0  1.0  -51.961521   12.000000  146.350000
Element:  20389   -1  4097  0.0  1.0  20393   1  4097  0.0  1.0  -51.961521    6.000000  146.350000
Element:  20397   -1  4097  0.0  1.0  20394   1  4097  0.0  1.0  -51.961521    0.000000  146.350000
Element:  20401   -1  4097  0.0  1.0  20395   1  4097  0.0  1.0  -51.961521   -6.000000  146.350000
Element:  20417   -1  4097  0.0  1.0  20424   1  4097  0.0  1.0  -51.961521  -12.000000  146.350000
Element:  20421   -1  4097  0.0  1.0  20425   1  4097  0.0  1.0  -51.961521  -18.000000  146.350000
Element:  20429   -1  4097  0.0  1.0  20426   1  4097  0.0  1.0  -51.961521  -24.000000  146.350000
Element:  20433   -1  4097  0.0  1.0  20427   1  4097  0.0  1.0  -57.157673   27.000000  146.350000
Element:  20449   -1  4097  0.0  1.0  20456   1  4097  0.0  1.0  -57.157673   21.000000  146.350000
Element:  20453   -1  4097  0.0  1.0  20457   1  4097  0.0  1.0  -57.157673   15.000000  146.350000
Element:  20461   -1  4097  0.0  1.0  20458   1  4097  0.0  1.0  -57.157673    9.000000  146.350000
Element:  20465   -1  4097  0.0  1.0  20459   1  4097  0.0  1.0  -57.157673    3.000000  146.350000
Element:  20481   -1  4097  0.0  1.0  20488   1  4097  0.0  1.0  -57.157673   -3.000000  146.350000
Element:  20485   -1  4097  0.0  1.0  20489   1  4097  0.0  1.0  -57.157673   -9.000000  146.350000
Element:  20493   -1  4097  0.0  1.0  20490   1  4097  0.0  1.0  -57.157673  -15.000000  146.350000
Element:  20497   -1  4097  0.0  1.0  20491   1  4097  0.0  1.0  -57.157673  -21.000000  146.350000
Element:  21001   -1  4097  0.0  1.0  21008   1  4097  0.0  1.0   -5.196152   -3.000000  146.350000
Element:  21005   -1  4097  0.0  1.0  21009   1  4097  0.0  1.0  -10.392304   -6.000000  146.350000
Element:  21013   -1  4097  0.0  1.0  21010   1  4097  0.0  1.0   -5.196152   -9.000000  146.350000
Element:  21017   -1  4097  0.0  1.0  21011   1  4097  0.0  1.0  -15.588456   -9.000000  146.350000
Element:  21033   -1  4097  0.0  1.0  21040   1  4097  0.0  1.0  -10.392304  -12.000000  146.350000
Element:  21037   -1  4097  0.0  1.0  21041   1  4097  0.0  1.0   -5.196152  -15.000000  146.350000
Element:  21045   -1  4097  0.0  1.0  21042   1  4097  0.0  1.0  -20.784609  -12.000000  146.350000
Element:  21049   -1  4097  0.0  1.0  21043   1  4097  0.0  1.0  -15.588456  -15.000000  146.350000
Element:  21065   -1  4097  0.0  1.0  21072   1  4097  0.0  1.0  -10.392304  -18.000000  146.350000
Element:  21069   -1  4097  0.0  1.0  21073   1  4097  0.0  1.0   -5.196152  -21.000000  146.350000
Element:  21077   -1  4097  0.0  1.0  21074   1  4097  0.0  1.0  -25.980761  -15.000000  146.350000
Element:  21081   -1  4097  0.0  1.0  21075   1  4097  0.0  1.0  -20.784609  -18.000000  146.350000
Element:  21097   -1  4097  0.0  1.0  21104   1  4097  0.0  1.0  -15.588456  -21.000000  146.350000
Element:  21101   -1  4097  0.0  1.0  21105   1  4097  0.0  1.0  -10.392304  -24.000000  146.350000
Element:  21109   -1  4097  0.0  1.0  21106   1  4097  0.0  1.0   -5.196152  -27.000000  146.350000
Element:  21113   -1  4097  0.0  1.0  21107   1  4097  0.0  1.0  -31.176912  -18.000000  146.350000
Element:  21129   -1  4097  0.0  1.0  21136   1  4097  0.0  1.0  -25.980761  -21.000000  146.350000
Element:  21133   -1  4097  0.0  1.0  21137   1  4097  0.0  1.0  -20.784609  -24.000000  146.350000
Element:  21141   -1  4097  0.0  1.0  21138   1  4097  0.0  1.0  -15.588456  -27.000000  146.350000
Element:  21145   -1  4097  0.0  1.0  21139   1  4097  0.0  1.0  -10.392304  -30.000000  146.350000
Element:  21161   -1  4097  0.0  1.0  21168   1  4097  0.0  1.0   -5.196152  -33.000000  146.350000
Element:  21165   -1  4097  0.0  1.0  21169   1  4097  0.0  1.0  -36.373062  -21.000000  146.350000
Element:  21173   -1  4097  0.0  1.0  21170   1  4097  0.0  1.0  -31.176912  -24.000000  146.350000
Element:  21177   -1  4097  0.0  1.0  21171   1  4097  0.0  1.0  -25.980761  -27.000000  146.350000
Element:  21193   -1  4097  0.0  1.0  21200   1  4097  0.0  1.0  -20.784609  -30.000000  146.350000
Element:  21197   -1  4097  0.0  1.0  21201   1  4097  0.0  1.0  -15.588456  -33.000000  146.350000
Element:  21205   -1  4097  0.0  1.0  21202   1  4097  0.0  1.0  -10.392304  -36.000000  146.350000
Element:  21209   -1  4097  0.0  1.0  21203   1  4097  0.0  1.0   -5.196152  -39.000000  146.350000
Element:  21225   -1  4097  0.0  1.0  21232   1  4097  0.0  1.0  -41.569218  -24.000000  146.350000
Element:  21229   -1  4097  0.0  1.0  21233   1  4097  0.0  1.0  -36.373062  -27.000000  146.350000
Element:  21237   -1  4097  0.0  1.0  21234   1  4097  0.0  1.0  -31.176912  -30.000000  146.350000
Element:  21241   -1  4097  0.0  1.0  21235   1  4097  0.0  1.0  -25.980761  -33.000000  146.350000
Element:  21257   -1  4097  0.0  1.0  21264   1  4097  0.0  1.0  -20.784609  -36.000000  146.350000
Element:  21261   -1  4097  0.0  1.0  21265   1  4097  0.0  1.0  -15.588456  -39.000000  146.350000
Element:  21269   -1  4097  0.0  1.0  21266   1  4097  0.0  1.0  -10.392304  -42.000000  146.350000
Element:  21273   -1  4097  0.0  1.0  21267   1  4097  0.0  1.0   -5.196152  -45.000000  146.350000
Element:  21289   -1  4097  0.0  1.0  21296   1  4097  0.0  1.0  -46.765369  -27.000000  146.350000
Element:  21293   -1  4097  0.0  1.0  21297   1  4097  0.0  1.0  -41.569218  -30.000000  146.350000
Element:  21301   -1  4097  0.0  1.0  21298   1  4097  0.0  1.0  -36.373062  -33.000000  146.350000
Element:  21305   -1  4097  0.0  1.0  21299   1  4097  0.0  1.0  -31.176912  -36.000000  146.350000
Element:  21321   -1  4097  0.0  1.0  21328   1  4097  0.0  1.0  -25.980761  -39.000000  146.350000
Element:  21325   -1  4097  0.0  1.0  21329   1  4097  0.0  1.0  -20.784609  -42.000000  146.350000
Element:  21333   -1  4097  0.0  1.0  21330   1  4097  0.0  1.0  -15.588456  -45.000000  146.350000
Element:  21337   -1  4097  0.0  1.0  21331   1  4097  0.0  1.0  -10.392304  -48.000000  146.350000
Element:  21353   -1  4097  0.0  1.0  21360   1  4097  0.0  1.0   -5.196152  -51.000000  146.350000
Element:  21357   -1  4097  0.0  1.0  21361   1  4097  0.0  1.0  -51.961521  -30.000000  146.350000
Element:  21365   -1  4097  0.0  1.0  21362   1  4097  0.0  1.0  -46.765369  -33.000000  146.350000
Element:  21369   -1  4097  0.0  1.0  21363   1  4097  0.0  1.0  -41.569218  -36.000000  146.350000
Element:  21385   -1  4097  0.0  1.0  21392   1  4097  0.0  1.0  -36.373062  -39.000000  146.350000
Element:  21389   -1  4097  0.0  1.0  21393   1  4097  0.0  1.0  -31.176912  -42.000000  146.350000
Element:  21397   -1  4097  0.0  1.0  21394   1  4097  0.0  1.0  -25.980761  -45.000000  146.350000
Element:  21401   -1  4097  0.0  1.0  21395   1  4097  0.0  1.0  -20.784609  -48.000000  146.350000
Element:  21417   -1  4097  0.0  1.0  21424   1  4097  0.0  1.0  -15.588456  -51.000000  146.350000
Element:  21421   -1  4097  0.0  1.0  21425   1  4097  0.0  1.0  -10.392304  -54.000000  146.350000
Element:  21429   -1  4097  0.0  1.0  21426   1  4097  0.0  1.0   -5.196152  -57.000000  146.350000
Element:  21433   -1  4097  0.0  1.0  21427   1  4097  0.0  1.0  -51.961521  -36.000000  146.350000
Element:  21449   -1  4097  0.0  1.0  21456   1  4097  0.0  1.0  -46.765369  -39.000000  146.350000
Element:  21453   -1  4097  0.0  1.0  21457   1  4097  0.0  1.0  -41.569218  -42.000000  146.350000
Element:  21461   -1  4097  0.0  1.0  21458   1  4097  0.0  1.0  -36.373062  -45.000000  146.350000
Element:  21465   -1  4097  0.0  1.0  21459   1  4097  0.0  1.0  -31.176912  -48.000000  146.350000
Element:  21481   -1  4097  0.0  1.0  21488   1  4097  0.0  1.0  -25.980761  -51.000000  146.350000
Element:  21485   -1  4097  0.0  1.0  21489   1  4097  0.0  1.0  -20.784609  -54.000000  146.350000
Element:  21493   -1  4097  0.0  1.0  21490   1  4097  0.0  1.0  -15.588456  -57.000000  146.350000
Element:  21497   -1  4097  0.0  1.0  21491   1  4097  0.0  1.0  -10.392304  -60.000000  146.350000
Element:  22001   -1  4097  0.0  1.0  22008   1  4097  0.0  1.0    0.000000   -6.000000  146.350000
Element:  22005   -1  4097  0.0  1.0  22009   1  4097  0.0  1.0    0.000000  -12.000000  146.350000
Element:  22013   -1  4097  0.0  1.0  22010   1  4097  0.0  1.0    5.196152   -9.000000  146.350000
Element:  22017   -1  4097  0.0  1.0  22011   1  4097  0.0  1.0    0.000000  -18.000000  146.350000
Element:  22033   -1  4097  0.0  1.0  22040   1  4097  0.0  1.0    5.196152  -15.000000  146.350000
Element:  22037   -1  4097  0.0  1.0  22041   1  4097  0.0  1.0   10.392304  -12.000000  146.350000
Element:  22045   -1  4097  0.0  1.0  22042   1  4097  0.0  1.0    0.000000  -24.000000  146.350000
Element:  22049   -1  4097  0.0  1.0  22043   1  4097  0.0  1.0    5.196152  -21.000000  146.350000
Element:  22065   -1  4097  0.0  1.0  22072   1  4097  0.0  1.0   10.392304  -18.000000  146.350000
Element:  22069   -1  4097  0.0  1.0  22073   1  4097  0.0  1.0   15.588456  -15.000000  146.350000
Element:  22077   -1  4097  0.0  1.0  22074   1  4097  0.0  1.0    0.000000  -30.000000  146.350000
Element:  22081   -1  4097  0.0  1.0  22075   1  4097  0.0  1.0    5.196152  -27.000000  146.350000
Element:  22097   -1  4097  0.0  1.0  22104   1  4097  0.0  1.0   10.392304  -24.000000  146.350000
Element:  22101   -1  4097  0.0  1.0  22105   1  4097  0.0  1.0   15.588456  -21.000000  146.350000
Element:  22109   -1  4097  0.0  1.0  22106   1  4097  0.0  1.0   20.784609  -18.000000  146.350000
Element:  22113   -1  4097  0.0  1.0  22107   1  4097  0.0  1.0    0.000000  -36.000000  146.350000
Element:  22129   -1  4097  0.0  1.0  22136   1  4097  0.0  1.0    5.196152  -33.000000  146.350000
Element:  22133   -1  4097  0.0  1.0  22137   1  4097  0.0  1.0   10.392304  -30.000000  146.350000
Element:  22141   -1  4097  0.0  1.0  22138   1  4097  0.0  1.0   15.588456  -27.000000  146.350000
Element:  22145   -1  4097  0.0  1.0  22139   1  4097  0.0  1.0   20.784609  -24.000000  146.350000
Element:  22161   -1  4097  0.0  1.0  22168   1  4097  0.0  1.0   25.980761  -21.000000  146.350000
Element:  22165   -1  4097  0.0  1.0  22169   1  4097  0.0  1.0    0.000000  -42.000000  146.350000
Element:  22173   -1  4097  0.0  1.0  22170   1  4097  0.0  1.0    5.196152  -39.000000  146.350000
Element:  22177   -1  4097  0.0  1.0  22171   1  4097  0.0  1.0   10.392304  -36.000000  146.350000
Element:  22193   -1  4097  0.0  1.0  22200   1  4097  0.0  1.0   15.588456  -33.000000  146.350000
Element:  22197   -1  4097  0.0  1.0  22201   1  4097  0.0  1.0   20.784609  -30.000000  146.350000
Element:  22205   -1  4097  0.0  1.0  22202   1  4097  0.0  1.0   25.980761  -27.000000  146.350000
Element:  22209   -1  4097  0.0  1.0  22203   1  4097  0.0  1.0   31.176912  -24.000000  146.350000
Element:  22225   -1  4097  0.0  1.0  22232   1  4097  0.0  1.0    0.000000  -48.000000  146.350000
Element:  22229   -1  4097  0.0  1.0  22233   1  4097  0.0  1.0    5.196152  -45.000000  146.350000
Element:  22237   -1  4097  0.0  1.0  22234   1  4097  0.0  1.0   10.392304  -42.000000  146.350000
Element:  22241   -1  4097  0.0  1.0  22235   1  4097  0.0  1.0   15.588456  -39.000000  146.350000
Element:  22257   -1  4097  0.0  1.0  22264   1  4097  0.0  1.0   20.784609  -36.000000  146.350000
Element:  22261   -1  4097  0.0  1.0  22265   1  4097  0.0  1.0   25.980761  -33.000000  146.350000
Element:  22269   -1  4097  0.0  1.0  22266   1  4097  0.0  1.0   31.176912  -30.000000  146.350000
Element:  22273   -1  4097  0.0  1.0  22267   1  4097  0.0  1.0   36.373062  -27.000000  146.350000
Element:  22289   -1  4097  0.0  1.0  22296   1  4097  0.0  1.0    0.000000  -54.000000  146.350000
Element:  22293   -1  4097  0.0  1.0  22297   1  4097  0.0  1.0    5.196152  -51.000000  146.350000
Element:  22301   -1  4097  0.0  1.0  22298   1  4097  0.0  1.0   10.392304  -48.000000  146.350000
Element:  22305   -1  4097  0.0  1.0  22299   1  4097  0.0  1.0   15.588456  -45.000000  146.350000
Element:  22321   -1  4097  0.0  1.0  22328   1  4097  0.0  1.0   20.784609  -42.000000  146.350000
Element:  22325   -1  4097  0.0  1.0  22329   1  4097  0.0  1.0   25.980761  -39.000000  146.350000
Element:  22333   -1  4097  0.0  1.0  22330   1  4097  0.0  1.0   31.176912  -36.000000  146.350000
Element:  22337   -1  4097  0.0  1.0  22331   1  4097  0.0  1.0   36.373062  -33.000000  146.350000
Element:  22353   -1  4097  0.0  1.0  22360   1  4097  0.0  1.0   41.569218  -30.000000  146.350000
Element:  22357   -1  4097  0.0  1.0  22361   1  4097  0.0  1.0    0.000000  -60.000000  146.350000
Element:  22365   -1  4097  0.0  1.0  22362   1  4097  0.0  1.0    5.196152  -57.000000  146.350000
Element:  22369   -1  4097  0.0  1.0  22363   1  4097  0.0  1.0   10.392304  -54.000000  146.350000
Element:  22385   -1  4097  0.0  1.0  22392   1  4097  0.0  1.0   15.588456  -51.000000  146.350000
Element:  22389   -1  4097  0.0  1.0  22393   1  4097  0.0  1.0   20.784609  -48.000000  146.350000
Element:  22397   -1  4097  0.0  1.0  22394   1  4097  0.0  1.0   25.980761  -45.000000  146.350000
Element:  22401   -1  4097  0.0  1.0  22395   1  4097  0.0  1.0   31.176912  -42.000000  146.350000
Element:  22417   -1  4097  0.0  1.0  22424   1  4097  0.0  1.0   36.373062  -39.000000  146.350000
Element:  22421   -1  4097  0.0  1.0  22425   1  4097  0.0  1.0   41.569218  -36.000000  146.350000
Element:  22429   -1  4097  0.0  1.0  22426   1  4097  0.0  1.0   46.765369  -33.000000  146.350000
Element:  22433   -1  4097  0.0  1.0  22427   1  4097  0.0  1.0   10.392304  -60.000000  146.350000
Element:  22449   -1  4097  0.0  1.0  22456   1  4097  0.0  1.0   15.588456  -57.000000  146.350000
Element:  22453   -1  4097  0.0  1.0  22457   1  4097  0.0  1.0   20.784609  -54.000000  146.350000
Element:  22461   -1  4097  0.0  1.0  22458   1  4097  0.0  1.0   25.980761  -51.000000  146.350000
Element:  22465   -1  4097  0.0  1.0  22459   1  4097  0.0  1.0   31.176912  -48.000000  146.350000
Element:  22481   -1  4097  0.0  1.0  22488   1  4097  0.0  1.0   36.373062  -45.000000  146.350000
Element:  22485   -1  4097  0.0  1.0  22489   1  4097  0.0  1.0   41.569218  -42.000000  146.350000
Element:  22493   -1  4097  0.0  1.0  22490   1  4097  0.0  1.0   46.765369  -39.000000  146.350000
Element:  22497   -1  4097  0.0  1.0  22491   1  4097  0.0  1.0   51.961521  -36.000000  146.350000
Element:  23001   -1  4097  0.0  1.0  23008   1  4097  0.0  1.0    5.196152   -3.000000  146.350000
Element:  23005   -1  4097  0.0  1.0  23009   1  4097  0.0  1.0   10.392304   -6.000000  146.350000
Element:  23013   -1  4097  0.0  1.0  23010   1  4097  0.0  1.0   10.392304    0.000000  146.350000
Element:  23017   -1  4097  0.0  1.0  23011   1  4097  0.0  1.0   15.588456   -9.000000  146.350000
Element:  23033   -1  4097  0.0  1.0  23040   1  4097  0.0  1.0   15.588456   -3.000000  146.350000
Element:  23037   -1  4097  0.0  1.0  23041   1  4097  0.0  1.0   15.588456    3.000000  146.350000
Element:  23045   -1  4097  0.0  1.0  23042   1  4097  0.0  1.0   20.784609  -12.000000  146.350000
Element:  23049   -1  4097  0.0  1.0  23043   1  4097  0.0  1.0   20.784609   -6.000000  146.350000
Element:  23065   -1  4097  0.0  1.0  23072   1  4097  0.0  1.0   20.784609    0.000000  146.350000
Element:  23069   -1  4097  0.0  1.0  23073   1  4097  0.0  1.0   20.784609    6.000000  146.350000
Element:  23077   -1  4097  0.0  1.0  23074   1  4097  0.0  1.0   25.980761  -15.000000  146.350000
Element:  23081   -1  4097  0.0  1.0  23075   1  4097  0.0  1.0   25.980761   -9.000000  146.350000
Element:  23097   -1  4097  0.0  1.0  23104   1  4097  0.0  1.0   25.980761   -3.000000  146.350000
Element:  23101   -1  4097  0.0  1.0  23105   1  4097  0.0  1.0   25.980761    3.000000  146.350000
Element:  23109   -1  4097  0.0  1.0  23106   1  4097  0.0  1.0   25.980761    9.000000  146.350000
Element:  23113   -1  4097  0.0  1.0  23107   1  4097  0.0  1.0   31.176912  -18.000000  146.350000
Element:  23129   -1  4097  0.0  1.0  23136   1  4097  0.0  1.0   31.176912  -12.000000  146.350000
Element:  23133   -1  4097  0.0  1.0  23137   1  4097  0.0  1.0   31.176912   -6.000000  146.350000
Element:  23141   -1  4097  0.0  1.0  23138   1  4097  0.0  1.0   31.176912    0.000000  146.350000
Element:  23145   -1  4097  0.0  1.0  23139   1  4097  0.0  1.0   31.176912    6.000000  146.350000
Element:  23161   -1  4097  0.0  1.0  23168   1  4097  0.0  1.0   31.176912   12.000000  146.350000
Element:  23165   -1  4097  0.0  1.0  23169   1  4097  0.0  1.0   36.373062  -21.000000  146.350000
Element:  23173   -1  4097  0.0  1.0  23170   1  4097  0.0  1.0   36.373062  -15.000000  146.350000
Element:  23177   -1  4097  0.0  1.0  23171   1  4097  0.0  1.0   36.373062   -9.000000  146.350000
Element:  23193   -1  4097  0.0  1.0  23200   1  4097  0.0  1.0   36.373062   -3.000000  146.350000
Element:  23197   -1  4097  0.0  1.0  23201   1  4097  0.0  1.0   36.373062    3.000000  146.350000
Element:  23205   -1  4097  0.0  1.0  23202   1  4097  0.0  1.0   36.373062    9.000000  146.350000
Element:  23209   -1  4097  0.0  1.0  23203   1  4097  0.0  1.0   36.373062   15.000000  146.350000
Element:  23225   -1  4097  0.0  1.0  23232   1  4097  0.0  1.0   41.569218  -24.000000  146.350000
Element:  23229   -1  4097  0.0  1.0  23233   1  4097  0.0  1.0   41.569218  -18.000000  146.350000
Element:  23237   -1  4097  0.0  1.0  23234   1  4097  0.0  1.0   41.569218  -12.000000  146.350000
Element:  23241   -1  4097  0.0  1.0  23235   1  4097  0.0  1.0   41.569218   -6.000000  146.350000
Element:  23257   -1  4097  0.0  1.0  23264   1  4097  0.0  1.0   41.569218    0.000000  146.350000
Element:  23261   -1  4097  0.0  1.0  23265   1  4097  0.0  1.0   41.569218    6.000000  146.350000
Element:  23269   -1  4097  0.0  1.0  23266   1  4097  0.0  1.0   41.569218   12.000000  146.350000
Element:  23273   -1  4097  0.0  1.0  23267   1  4097  0.0  1.0   41.569218   18.000000  146.350000
Element:  23289   -1  4097  0.0  1.0  23296   1  4097  0.0  1.0   46.765369  -27.000000  146.350000
Element:  23293   -1  4097  0.0  1.0  23297   1  4097  0.0  1.0   46.765369  -21.000000  146.350000
Element:  23301   -1  4097  0.0  1.0  23298   1  4097  0.0  1.0   46.765369  -15.000000  146.350000
Element:  23305   -1  4097  0.0  1.0  23299   1  4097  0.0  1.0   46.765369   -9.000000  146.350000
Element:  23321   -1  4097  0.0  1.0  23328   1  4097  0.0  1.0   46.765369   -3.000000  146.350000
Element:  23325   -1  4097  0.0  1.0  23329   1  4097  0.0  1.0   46.765369    3.000000  146.350000
Element:  23333   -1  4097  0.0  1.0  23330   1  4097  0.0  1.0   46.765369    9.000000  146.350000
Element:  23337   -1  4097  0.0  1.0  23331   1  4097  0.0  1.0   46.765369   15.000000  146.350000
Element:  23353   -1  4097  0.0  1.0  23360   1  4097  0.0  1.0   46.765369   21.000000  146.350000
Element:  23357   -1  4097  0.0  1.0  23361   1  4097  0.0  1.0   51.961521  -30.000000  146.350000
Element:  23365   -1  4097  0.0  1.0  23362   1  4097  0.0  1.0   51.961521  -24.000000  146.350000
Element:  23369   -1  4097  0.0  1.0  23363   1  4097  0.0  1.0   51.961521  -18.000000  146.350000
Element:  23385   -1  4097  0.0  1.0  23392   1  4097  0.0  1.0   51.961521  -12.000000  146.350000
Element:  23389   -1  4097  0.0  1.0  23393   1  4097  0.0  1.0   51.961521   -6.000000  146.350000
Element:  23397   -1  4097  0.0  1.0  23394   1  4097  0.0  1.0   51.961521    0.000000  146.350000
Element:  23401   -1  4097  0.0  1.0  23395   1  4097  0.0  1.0   51.961521    6.000000  146.350000
Element:  23417   -1  4097  0.0  1.0  23424   1  4097  0.0  1.0   51.961521   12.000000  146.350000
Element:  23421   -1  4097  0.0  1.0  23425   1  4097  0.0  1.0   51.961521   18.000000  146.350000
Element:  23429   -1  4097  0.0  1.0  23426   1  4097  0.0  1.0   51.961521   24.000000  146.350000
Element:  23433   -1  4097  0.0  1.0  23427   1  4097  0.0  1.0   57.157672  -27.000000  146.350000
Element:  23449   -1  4097  0.0  1.0  23456   1  4097  0.0  1.0   57.157662  -21.000000  146.350000
Element:  23453   -1  4097  0.0  1.0  23457   1  4097  0.0  1.0   57.157662  -15.000000  146.350000
Element:  23461   -1  4097  0.0  1.0  23458   1  4097  0.0  1.0   57.157662   -9.000000  146.350000
Element:  23465   -1  4097  0.0  1.0  23459   1  4097  0.0  1.0   57.157662   -3.000000  146.350000
Element:  23481   -1  4097  0.0  1.0  23488   1  4097  0.0  1.0   57.157662    3.000000  146.350000
Element:  23485   -1  4097  0.0  1.0  23489   1  4097  0.0  1.0   57.157662    9.000000  146.350000
Element:  23493   -1  4097  0.0  1.0  23490   1  4097  0.0  1.0   57.157662   15.000000  146.350000
Element:  23497   -1  4097  0.0  1.0  23491   1  4097  0.0  1.0   57.157662   21.000000  146.350000
Element:  24001   -1  4097  0.0  1.0  24008   1  4097  0.0  1.0    5.196152    3.000000  146.350000
Element:  24005   -1  4097  0.0  1.0  24009   1  4097  0.0  1.0   10.392304    6.000000  146.350000
Element:  24013   -1  4097  0.0  1.0  24010   1  4097  0.0  1.0    5.196152    9.000000  146.350000
Element:  24017   -1  4097  0.0  1.0  24011   1  4097  0.0  1.0   15.588456    9.000000  146.350000
Element:  24033   -1  4097  0.0  1.0  24040   1  4097  0.0  1.0   10.392304   12.000000  146.350000
Element:  24037   -1  4097  0.0  1.0  24041   1  4097  0.0  1.0    5.196152   15.000000  146.350000
Element:  24045   -1  4097  0.0  1.0  24042   1  4097  0.0  1.0   20.784609   12.000000  146.350000
Element:  24049   -1  4097  0.0  1.0  24043   1  4097  0.0  1.0   15.588456   15.000000  146.350000
Element:  24065   -1  4097  0.0  1.0  24072   1  4097  0.0  1.0   10.392304   18.000000  146.350000
Element:  24069   -1  4097  0.0  1.0  24073   1  4097  0.0  1.0    5.196152   21.000000  146.350000
Element:  24077   -1  4097  0.0  1.0  24074   1  4097  0.0  1.0   25.980761   15.000000  146.350000
Element:  24081   -1  4097  0.0  1.0  24075   1  4097  0.0  1.0   20.784609   18.000000  146.350000
Element:  24097   -1  4097  0.0  1.0  24104   1  4097  0.0  1.0   15.588456   21.000000  146.350000
Element:  24101   -1  4097  0.0  1.0  24105   1  4097  0.0  1.0   10.392304   24.000000  146.350000
Element:  24109   -1  4097  0.0  1.0  24106   1  4097  0.0  1.0    5.196152   27.000000  146.350000
Element:  24113   -1  4097  0.0  1.0  24107   1  4097  0.0  1.0   31.176912   18.000000  146.350000
Element:  24129   -1  4097  0.0  1.0  24136   1  4097  0.0  1.0   25.980761   21.000000  146.350000
Element:  24133   -1  4097  0.0  1.0  24137   1  4097  0.0  1.0   20.784609   24.000000  146.350000
Element:  24141   -1  4097  0.0  1.0  24138   1  4097  0.0  1.0   15.588456   27.000000  146.350000
Element:  24145   -1  4097  0.0  1.0  24139   1  4097  0.0  1.0   10.392304   30.000000  146.350000
Element:  24161   -1  4097  0.0  1.0  24168   1  4097  0.0  1.0    5.196152   33.000000  146.350000
Element:  24165   -1  4097  0.0  1.0  24169   1  4097  0.0  1.0   36.373062   21.000000  146.350000
Element:  24173   -1  4097  0.0  1.0  24170   1  4097  0.0  1.0   31.176912   24.000000  146.350000
Element:  24177   -1  4097  0.0  1.0  24171   1  4097  0.0  1.0   25.980761   27.000000  146.350000
Element:  24193   -1  4097  0.0  1.0  24200   1  4097  0.0  1.0   20.784609   30.000000  146.350000
Element:  24197   -1  4097  0.0  1.0  24201   1  4097  0.0  1.0   15.588456   33.000000  146.350000
Element:  24205   -1  4097  0.0  1.0  24202   1  4097  0.0  1.0   10.392304   36.000000  146.350000
Element:  24209   -1  4097  0.0  1.0  24203   1  4097  0.0  1.0    5.196152   39.000000  146.350000
Element:  24225   -1  4097  0.0  1.0  24232   1  4097  0.0  1.0   41.569218   24.000000  146.350000
Element:  24229   -1  4097  0.0  1.0  24233   1  4097  0.0  1.0   36.373062   27.000000  146.350000
Element:  24237   -1  4097  0.0  1.0  24234   1  4097  0.0  1.0   31.176912   30.000000  146.350000
Element:  24241   -1  4097  0.0  1.0  24235   1  4097  0.0  1.0   25.980761   33.000000  146.350000
Element:  24257   -1  4097  0.0  1.0  24264   1  4097  0.0  1.0   20.784609   36.000000  146.350000
Element:  24261   -1  4097  0.0  1.0  24265   1  4097  0.0  1.0   15.588456   39.000000  146.350000
Element:  24269   -1  4097  0.0  1.0  24266   1  4097  0.0  1.0   10.392304   42.000000  146.350000
Element:  24273   -1  4097  0.0  1.0  24267   1  4097  0.0  1.0    5.196152   45.000000  146.350000
Element:  24289   -1  4097  0.0  1.0  24296   1  4097  0.0  1.0   46.765369   27.000000  146.350000
Element:  24293   -1  4097  0.0  1.0  24297   1  4097  0.0  1.0   41.569218   30.000000  146.350000
Element:  24301   -1  4097  0.0  1.0  24298   1  4097  0.0  1.0   36.373062   33.000000  146.350000
Element:  24305   -1  4097  0.0  1.0  24299   1  4097  0.0  1.0   31.176912   36.000000  146.350000
Element:  24321   -1  4097  0.0  1.0  24328   1  4097  0.0  1.0   25.980761   39.000000  146.350000
Element:  24325   -1  4097  0.0  1.0  24329   1  4097  0.0  1.0   20.784609   42.000000  146.350000
Element:  24333   -1  4097  0.0  1.0  24330   1  4097  0.0  1.0   15.588456   45.000000  146.350000
Element:  24337   -1  4097  0.0  1.0  24331   1  4097  0.0  1.0   10.392304   48.000000  146.350000
Element:  24353   -1  4097  0.0  1.0  24360   1  4097  0.0  1.0    5.196152   51.000000  146.350000
Element:  24357   -1  4097  0.0  1.0  24361   1  4097  0.0  1.0   51.961521   30.000000  146.350000
Element:  24365   -1  4097  0.0  1.0  24362   1  4097  0.0  1.0   46.765369   33.000000  146.350000
Element:  24369   -1  4097  0.0  1.0  24363   1  4097  0.0  1.0   41.569218   36.000000  146.350000
Element:  24385   -1  4097  0.0  1.0  24392   1  4097  0.0  1.0   36.373062   39.000000  146.350000
Element:  24389   -1  4097  0.0  1.0  24393   1  4097  0.0  1.0   31.176912   42.000000  146.350000
Element:  24397   -1  4097  0.0  1.0  24394   1  4097  0.0  1.0   25.980761   45.000000  146.350000
Element:  24401   -1  4097  0.0  1.0  24395   1  4097  0.0  1.0   20.784609   48.000000  146.350000
Element:  24417   -1  4097  0.0  1.0  24424   1  4097  0.0  1.0   15.588456   51.000000  146.350000
Element:  24421   -1  4097  0.0  1.0  24425   1  4097  0.0  1.0   10.392304   54.000000  146.350000
Element:  24429   -1  4097  0.0  1.0  24426   1  4097  0.0  1.0    5.196152   57.000000  146.350000
Element:  24433   -1  4097  0.0  1.0  24427   1  4097  0.0  1.0   51.961521   36.000000  146.350000
Element:  24449   -1  4097  0.0  1.0  24456   1  4097  0.0  1.0   46.765369   39.000000  146.350000
Element:  24453   -1  4097  0.0  1.0  24457   1  4097  0.0  1.0   41.569218   42.000000  146.350000
Element:  24461   -1  4097  0.0  1.0  24458   1  4097  0.0  1.0   36.373062   45.000000  146.350000
Element:  24465   -1  4097  0.0  1.0  24459   1  4097  0.0  1.0   31.176912   48.000000  146.350000
Element:  24481   -1  4097  0.0  1.0  24488   1  4097  0.0  1.0   25.980761   51.000000  146.350000
Element:  24485   -1  4097  0.0  1.0  24489   1  4097  0.0  1.0   20.784609   54.000000  146.350000
Element:  24493   -1  4097  0.0  1.0  24490   1  4097  0.0  1.0   15.588456   57.000000  146.350000
Element:  24497   -1  4097  0.0  1.0  24491   1  4097  0.0  1.0   10.392304   60.000000  146.350000
Element:  25001   -1  4097  0.0  1.0  25008   1  4097  0.0  1.0    0.000000    6.000000  146.350000
Element:  25005   -1  4097  0.0  1.0  25009   1  4097  0.0  1.0    0.000000   12.000000  146.350000
Element:  25013   -1  4097  0.0  1.0  25010   1  4097  0.0  1.0   -5.196152    9.000000  146.350000
Element:  25017   -1  4097  0.0  1.0  25011   1  4097  0.0  1.0    0.000000   18.000000  146.350000
Element:  25033   -1  4097  0.0  1.0  25040   1  4097  0.0  1.0   -5.196152   15.000000  146.350000
Element:  25037   -1  4097  0.0  1.0  25041   1  4097  0.0  1.0  -10.392304   12.000000  146.350000
Element:  25045   -1  4097  0.0  1.0  25042   1  4097  0.0  1.0    0.000000   24.000000  146.350000
Element:  25049   -1  4097  0.0  1.0  25043   1  4097  0.0  1.0   -5.196152   21.000000  146.350000
Element:  25065   -1  4097  0.0  1.0  25072   1  4097  0.0  1.0  -10.392304   18.000000  146.350000
Element:  25069   -1  4097  0.0  1.0  25073   1  4097  0.0  1.0  -15.588456   15.000000  146.350000
Element:  25077   -1  4097  0.0  1.0  25074   1  4097  0.0  1.0    0.000000   30.000000  146.350000
Element:  25081   -1  4097  0.0  1.0  25075   1  4097  0.0  1.0   -5.196152   27.000000  146.350000
Element:  25097   -1  4097  0.0  1.0  25104   1  4097  0.0  1.0  -10.392304   24.000000  146.350000
Element:  25101   -1  4097  0.0  1.0  25105   1  4097  0.0  1.0  -15.588456   21.000000  146.350000
Element:  25109   -1  4097  0.0  1.0  25106   1  4097  0.0  1.0  -20.784609   18.000000  146.350000
Element:  25113   -1  4097  0.0  1.0  25107   1  4097  0.0  1.0    0.000000   36.000000  146.350000
Element:  25129   -1  4097  0.0  1.0  25136   1  4097  0.0  1.0   -5.196152   33.000000  146.350000
Element:  25133   -1  4097  0.0  1.0  25137   1  4097  0.0  1.0  -10.392304   30.000000  146.350000
Element:  25141   -1  4097  0.0  1.0  25138   1  4097  0.0  1.0  -15.588456   27.000000  146.350000
Element:  25145   -1  4097  0.0  1.0  25139   1  4097  0.0  1.0  -20.784609   24.000000  146.350000
Element:  25161   -1  4097  0.0  1.0  25168   1  4097  0.0  1.0  -25.980761   21.000000  146.350000
Element:  25165   -1  4097  0.0  1.0  25169   1  4097  0.0  1.0    0.000000   42.000000  146.350000
Element:  25173   -1  4097  0.0  1.0  25170   1  4097  0.0  1.0   -5.196152   39.000000  146.350000
Element:  25177   -1  4097  0.0  1.0  25171   1  4097  0.0  1.0  -10.392304   36.000000  146.350000
Element:  25193   -1  4097  0.0  1.0  25200   1  4097  0.0  1.0  -15.588456   33.000000  146.350000
Element:  25197   -1  4097  0.0  1.0  25201   1  4097  0.0  1.0  -20.784609   30.000000  146.350000
Element:  25205   -1  4097  0.0  1.0  25202   1  4097  0.0  1.0  -25.980761   27.000000  146.350000
Element:  25209   -1  4097  0.0  1.0  25203   1  4097  0.0  1.0  -31.176912   24.000000  146.350000
Element:  25225   -1  4097  0.0  1.0  25232   1  4097  0.0  1.0    0.000000   48.000000  146.350000
Element:  25229   -1  4097  0.0  1.0  25233   1  4097  0.0  1.0   -5.196152   45.000000  146.350000
Element:  25237   -1  4097  0.0  1.0  25234   1  4097  0.0  1.0  -10.392304   42.000000  146.350000
Element:  25241   -1  4097  0.0  1.0  25235   1  4097  0.0  1.0  -15.588456   39.000000  146.350000
Element:  25257   -1  4097  0.0  1.0  25264   1  4097  0.0  1.0  -20.784609   36.000000  146.350000
Element:  25261   -1  4097  0.0  1.0  25265   1  4097  0.0  1.0  -25.980761   33.000000  146.350000
Element:  25269   -1  4097  0.0  1.0  25266   1  4097  0.0  1.0  -31.176912   30.000000  146.350000
Element:  25273   -1  4097  0.0  1.0  25267   1  4097  0.0  1.0  -36.373062   27.000000  146.350000
Element:  25289   -1  4097  0.0  1.0  25296   1  4097  0.0  1.0    0.000000   54.000000  146.350000
Element:  25293   -1  4097  0.0  1.0  25297   1  4097  0.0  1.0   -5.196152   51.000000  146.350000
Element:  25301   -1  4097  0.0  1.0  25298   1  4097  0.0  1.0  -10.392304   48.000000  146.350000
Element:  25305   -1  4097  0.0  1.0  25299   1  4097  0.0  1.0  -15.588456   45.000000  146.350000
Element:  25321   -1  4097  0.0  1.0  25328   1  4097  0.0  1.0  -20.784609   42.000000  146.350000
Element:  25325   -1  4097  0.0  1.0  25329   1  4097  0.0  1.0  -25.980761   39.000000  146.350000
Element:  25333   -1  4097  0.0  1.0  25330   1  4097  0.0  1.0  -31.176912   36.000000  146.350000
Element:  25337   -1  4097  0.0  1.0  25331   1  4097  0.0  1.0  -36.373062   33.000000  146.350000
Element:  25353   -1  4097  0.0  1.0  25360   1  4097  0.0  1.0  -41.569218   30.000000  146.350000
Element:  25357   -1  4097  0.0  1.0  25361   1  4097  0.0  1.0    0.000000   60.000000  146.350000
Element:  25365   -1  4097  0.0  1.0  25362   1  4097  0.0  1.0   -5.196152   57.000000  146.350000
Element:  25369   -1  4097  0.0  1.0  25363   1  4097  0.0  1.0  -10.392304   54.000000  146.350000
Element:  25385   -1  4097  0.0  1.0  25392   1  4097  0.0  1.0  -15.588456   51.000000  146.350000
Element:  25389   -1  4097  0.0  1.0  25393   1  4097  0.0  1.0  -20.784609   48.000000  146.350000
Element:  25397   -1  4097  0.0  1.0  25394   1  4097  0.0  1.0  -25.980761   45.000000  146.350000
Element:  25401   -1  4097  0.0  1.0  25395   1  4097  0.0  1.0  -31.176912   42.000000  146.350000
Element:  25417   -1  4097  0.0  1.0  25424   1  4097  0.0  1.0  -36.373062   39.000000  146.350000
Element:  25421   -1  4097  0.0  1.0  25425   1  4097  0.0  1.0  -41.569218   36.000000  146.350000
Element:  25429   -1  4097  0.0  1.0  25426   1  4097  0.0  1.0  -46.765369   33.000000  146.350000
Element:  25433   -1  4097  0.0  1.0  25427   1  4097  0.0  1.0  -10.392304   60.000000  146.350000
Element:  25449   -1  4097  0.0  1.0  25456   1  4097  0.0  1.0  -15.588456   57.000000  146.350000
Element:  25453   -1  4097  0.0  1.0  25457   1  4097  0.0  1.0  -20.784609   54.000000  146.350000
Element:  25461   -1  4097  0.0  1.0  25458   1  4097  0.0  1.0  -25.980761   51.000000  146.350000
Element:  25465   -1  4097  0.0  1.0  25459   1  4097  0.0  1.0  -31.176912   48.000000  146.350000
Element:  25481   -1  4097  0.0  1.0  25488   1  4097  0.0  1.0  -36.373064   45.000000  146.350000
Element:  25485   -1  4097  0.0  1.0  25489   1  4097  0.0  1.0  -41.569216   42.000000  146.350000
Element:  25493   -1  4097  0.0  1.0  25490   1  4097  0.0  1.0  -46.765368   39.000000  146.350000
Element:  25497   -1  4097  0.0  1.0  25491   1  4097  0.0  1.0  -51.961520   36.000000  146.350000
##
Initialise:
##
#Display:    1D      Energy      4096    0   4096    0   384
#Display:    1D      Time        4096    0   4096    0   384
##
