1 84098
2 219930
3 882812
4 77862
5 66236
6 1082894
7 1561789
8 1822990
9 3821959
10 13602
11 11774
12 13502
13 7996
14 3221636
15 3667956
16 1742360
17 3616630
18 2665201
19 1723137
20 4017065
21 2767224
22 1224569
23 1490337
24 1513570
25 1967474
26 3025841
27 3545298
28 3571915
29 2588926
30 1100621
31 2463724
32 920729
33 0
34 1919973
35 2759356
36 2913135
37 1969400
38 2158165
39 3827210
40 1616088
41 1389902
42 1272147
43 1676098
44 2666345
45 3393105
46 2830086
47 2937111
48 2538870
49 3968409
50 3166768
51 2887868
52 4480720
53 2863776
54 2081833
55 2036128
56 4328957
57 4568153
58 3139817
59 2787204
60 4348819
61 3693134
62 3675765
63 4170281
64 3388345
65 3248604
66 3071553
67 2372898
68 0
69 0
70 4323164
71 3813667
72 4374447
73 2713522
74 4175215
75 3138560
76 2573151
77 3334519
78 4451569
79 3260847
80 3714891
81 4529074
82 5608231
83 4652380
84 0
85 0
86 4857113
87 4659860
88 3837970
89 3416759
90 4634997
91 4939490
92 4601931
93 3147829
94 3429067
95 4524806
96 4637186
97 4866496
98 4823441
99 5323601
100 2478647
101 2627792
102 2599103
103 1903497
104 2411289
105 3408122
106 2522416
107 4014689
108 0
109 0
110 5789554
111 4463172
112 5118981
113 6804642
114 6112566
115 6439915
116 6660676
117 6589691
118 6216936
119 5432396
120 5442349
121 7138087
122 7125716
123 4013192
124 4428292
125 5114165
126 5980976
127 6940462
128 6811839
129 6599016
130 6574519
131 7080691
132 7073254
133 7235779
134 6984870
135 7608573
136 7530889
137 2928040
138 0
139 0
140 7782908
141 7635269
142 5580434
143 7909640
144 7884218
145 6282548
146 7818192
147 8172454
148 7862905
149 8393096
150 8069862
151 8221669
152 8741151
153 11628761
154 7894787
155 7610200
156 8040476
157 7757816
158 8014459
159 7421875
160 8508576
161 9018789
162 10398736
163 6678213
164 4642915
165 0
166 0
167 0
168 0
169 8674619
170 7133681
171 7358033
172 7989658
173 10228515
174 2590971
175 2652105
176 10311760
177 5430099
178 4278520
179 7315416
180 8175624
181 0
182 22125888
183 10032249
184 0
185 23405978
186 10332794
187 7953151
188 8898253
189 10476798
190 11520479
191 9071248
192 10705926
193 174
194 8768113
195 7591856
196 7549837
197 10284732
198 5624771
199 5483170
200 13026404
201 8838324
202 8663484
203 7877254
204 8027483
205 7986620
206 9311549
207 12592377
208 1560353
209 13217603
210 11066078
211 12116596
212 7172850
213 6789832
214 11142618
215 11808226
216 11300358
217 12070123
218 7638147
219 7062405
220 11442306
221 9304344
222 9808219
223 14487165
224 14326724
225 6869826
226 5402190
227 11359616
228 13747947
229 11026983
230 11470879
231 13571491
232 15863524
233 11507755
234 13207144
235 17044252
236 0
237 0
238 12036598
239 9385738
240 8573257
241 9722594
242 12454120
243 17432296
244 14525298
245 16632137
246 18320596
247 18514316
248 17771064
249 19033512
250 18352460
251 13230033
252 13434654
253 17187172
254 19568664
255 18460372
256 14332053
257 22135520
258 21134448
259 20911480
260 17358646
261 18879336
262 20141240
263 19384096
264 232937
265 6766
266 23513
267 16233669
268 20285942
269 15257635
270 12871714
271 24576384
272 17487792
273 15755372
274 21946006
275 21789472
276 24438780
277 25184020
278 98725
279 26378234
280 28759900
281 25078872
282 25853600
283 26909476
284 31387506
285 17338360
286 28783050
287 26361374
288 26274762
289 23096420
290 30379204
291 19008064
292 14145571
293 14549540
294 26482356
295 28943560
296 30540636
297 33803492
298 33779444
299 26857288
300 31613120
301 25955432
302 34306168
303 33154022
304 34612280
305 22935792
306 32249108
307 43778800
308 35369928
309 40599572
310 36369808
311 41664320
312 45089416
313 46449960
314 42332156
315 38569492
316 46515412
317 45897908
318 53589672
319 52976948
320 40946388
321 0
322 0
323 0
324 0
325 0
326 0
327 0
328 0
329 0
330 0
331 0
332 0
333 0
334 0
335 0
336 0
337 0
338 0
339 0
340 0
341 0
342 0
343 0
344 0
345 0
346 0
347 0
348 0
349 0
350 0
351 0
352 0
