0 -3.849 4.333 145.700 P0
1 -6.543 4.333 145.700 P1
2 -3.849 1.667 145.700 P2
3 -6.543 1.667 145.700 P3
4 -9.045 7.333 145.700 P0
5 -11.739 7.333 145.700 P1
6 -9.045 4.667 145.700 P2
7 -11.739 4.667 145.700 P3
8 -9.045 1.333 145.700 P0
9 -11.739 1.333 145.700 P1
10 -9.045 -1.333 145.700 P2
11 -11.739 -1.333 145.700 P3
12 -15.588 9.000 145.700 B
13 -15.588 3.000 145.700 B
14 -15.588 -3.000 145.700 B
15 -20.785 12.000 145.700 B
16 -20.785 6.000 145.700 B
17 -20.785 0.000 145.700 B
18 -20.785 -6.000 145.700 B
19 -25.981 15.000 145.700 B
20 -25.981 9.000 145.700 B
21 -25.981 3.000 145.700 B
22 -25.981 -3.000 145.700 B
23 -25.981 -9.000 145.700 B
24 -31.177 18.000 145.700 B
25 -31.177 12.000 145.700 B
26 -31.177 6.000 145.700 B
27 -31.177 0.000 145.700 B
28 -31.177 -6.000 145.700 B
29 -31.177 -12.000 145.700 B
30 -36.373 21.000 145.700 B
31 -36.373 15.000 145.700 B
32 -36.373 9.000 145.700 B
33 -36.373 3.000 145.700 B
34 -36.373 -3.000 145.700 B
35 -36.373 -9.000 145.700 B
36 -36.373 -15.000 145.700 B
37 -41.569 24.000 145.700 B
38 -41.569 18.000 145.700 B
39 -41.569 12.000 145.700 B
40 -41.569 6.000 145.700 B
41 -41.569 0.000 145.700 B
42 -41.569 -6.000 145.700 B
43 -41.569 -12.000 145.700 B
44 -41.569 -18.000 145.700 B
45 -46.765 27.000 145.700 B
46 -46.765 21.000 145.700 B
47 -46.765 15.000 145.700 B
48 -46.765 9.000 145.700 B
49 -46.765 3.000 145.700 B
50 -46.765 -3.000 145.700 B
51 -46.765 -9.000 145.700 B
52 -46.765 -15.000 145.700 B
53 -46.765 -21.000 145.700 B
54 -51.962 30.000 145.700 B
55 -51.962 24.000 145.700 B
56 -51.962 18.000 145.700 B
57 -51.962 12.000 145.700 B
58 -51.962 6.000 145.700 B
59 -51.962 0.000 145.700 B
60 -51.962 -6.000 145.700 B
61 -51.962 -12.000 145.700 B
62 -51.962 -18.000 145.700 B
63 -51.962 -24.000 145.700 B
64 -57.158 27.000 145.700 B
65 -57.158 21.000 145.700 B
66 -57.158 15.000 145.700 B
67 -57.158 9.000 145.700 B
68 -57.158 3.000 145.700 B
69 -57.158 -3.000 145.700 B
70 -57.158 -9.000 145.700 B
71 -57.158 -15.000 145.700 B
72 -57.158 -21.000 145.700 B
73 -3.849 -1.667 145.700 P0
74 -6.543 -1.667 145.700 P1
75 -3.849 -4.333 145.700 P2
76 -6.543 -4.333 145.700 P3
77 -9.045 -4.667 145.700 P0
78 -11.739 -4.667 145.700 P1
79 -9.045 -7.333 145.700 P2
80 -11.739 -7.333 145.700 P3
81 -3.849 -7.667 145.700 P0
82 -6.543 -7.667 145.700 P1
83 -3.849 -10.333 145.700 P2
84 -6.543 -10.333 145.700 P3
85 -15.588 -9.000 145.700 B
86 -10.392 -12.000 145.700 B
87 -5.196 -15.000 145.700 B
88 -20.785 -12.000 145.700 B
89 -15.588 -15.000 145.700 B
90 -10.392 -18.000 145.700 B
91 -5.196 -21.000 145.700 B
92 -25.981 -15.000 145.700 B
93 -20.785 -18.000 145.700 B
94 -15.588 -21.000 145.700 B
95 -10.392 -24.000 145.700 B
96 -5.196 -27.000 145.700 B
97 -31.177 -18.000 145.700 B
98 -25.981 -21.000 145.700 B
99 -20.785 -24.000 145.700 B
100 -15.588 -27.000 145.700 B
101 -10.392 -30.000 145.700 B
102 -5.196 -33.000 145.700 B
103 -36.373 -21.000 145.700 B
104 -31.177 -24.000 145.700 B
105 -25.981 -27.000 145.700 B
106 -20.785 -30.000 145.700 B
107 -15.588 -33.000 145.700 B
108 -10.392 -36.000 145.700 B
109 -5.196 -39.000 145.700 B
110 -41.569 -24.000 145.700 B
111 -36.373 -27.000 145.700 B
112 -31.177 -30.000 145.700 B
113 -25.981 -33.000 145.700 B
114 -20.785 -36.000 145.700 B
115 -15.588 -39.000 145.700 B
116 -10.392 -42.000 145.700 B
117 -5.196 -45.000 145.700 B
118 -46.765 -27.000 145.700 B
119 -41.569 -30.000 145.700 B
120 -36.373 -33.000 145.700 B
121 -31.177 -36.000 145.700 B
122 -25.981 -39.000 145.700 B
123 -20.785 -42.000 145.700 B
124 -15.588 -45.000 145.700 B
125 -10.392 -48.000 145.700 B
126 -5.196 -51.000 145.700 B
127 -51.962 -30.000 145.700 B
128 -46.765 -33.000 145.700 B
129 -41.569 -36.000 145.700 B
130 -36.373 -39.000 145.700 B
131 -31.177 -42.000 145.700 B
132 -25.981 -45.000 145.700 B
133 -20.785 -48.000 145.700 B
134 -15.588 -51.000 145.700 B
135 -10.392 -54.000 145.700 B
136 -5.196 -57.000 145.700 B
137 -51.962 -36.000 145.700 B
138 -46.765 -39.000 145.700 B
139 -41.569 -42.000 145.700 B
140 -36.373 -45.000 145.700 B
141 -31.177 -48.000 145.700 B
142 -25.981 -51.000 145.700 B
143 -20.785 -54.000 145.700 B
144 -15.588 -57.000 145.700 B
145 -10.392 -60.000 145.700 B
146 1.347 -4.667 145.700 P0
147 -1.347 -4.667 145.700 P1
148 1.347 -7.333 145.700 P2
149 -1.347 -7.333 145.700 P3
150 1.347 -10.667 145.700 P0
151 -1.347 -10.667 145.700 P1
152 1.347 -13.333 145.700 P2
153 -1.347 -13.333 145.700 P3
154 6.543 -7.667 145.700 P0
155 3.849 -7.667 145.700 P1
156 6.543 -10.333 145.700 P2
157 3.849 -10.333 145.700 P3
158 0.000 -18.000 145.700 B
159 5.196 -15.000 145.700 B
160 10.392 -12.000 145.700 B
161 0.000 -24.000 145.700 B
162 5.196 -21.000 145.700 B
163 10.392 -18.000 145.700 B
164 15.588 -15.000 145.700 B
165 0.000 -30.000 145.700 B
166 5.196 -27.000 145.700 B
167 10.392 -24.000 145.700 B
168 15.588 -21.000 145.700 B
169 20.785 -18.000 145.700 B
170 0.000 -36.000 145.700 B
171 5.196 -33.000 145.700 B
172 10.392 -30.000 145.700 B
173 15.588 -27.000 145.700 B
174 20.785 -24.000 145.700 B
175 25.981 -21.000 145.700 B
176 0.000 -42.000 145.700 B
177 5.196 -39.000 145.700 B
178 10.392 -36.000 145.700 B
179 15.588 -33.000 145.700 B
180 20.785 -30.000 145.700 B
181 25.981 -27.000 145.700 B
182 31.177 -24.000 145.700 B
183 0.000 -48.000 145.700 B
184 5.196 -45.000 145.700 B
185 10.392 -42.000 145.700 B
186 15.588 -39.000 145.700 B
187 20.785 -36.000 145.700 B
188 25.981 -33.000 145.700 B
189 31.177 -30.000 145.700 B
190 36.373 -27.000 145.700 B
191 0.000 -54.000 145.700 B
192 5.196 -51.000 145.700 B
193 10.392 -48.000 145.700 B
194 15.588 -45.000 145.700 B
195 20.785 -42.000 145.700 B
196 25.981 -39.000 145.700 B
197 31.177 -36.000 145.700 B
198 36.373 -33.000 145.700 B
199 41.569 -30.000 145.700 B
200 0.000 -60.000 145.700 B
201 5.196 -57.000 145.700 B
202 10.392 -54.000 145.700 B
203 15.588 -51.000 145.700 B
204 20.785 -48.000 145.700 B
205 25.981 -45.000 145.700 B
206 31.177 -42.000 145.700 B
207 36.373 -39.000 145.700 B
208 41.569 -36.000 145.700 B
209 46.765 -33.000 145.700 B
210 10.392 -60.000 145.700 B
211 15.588 -57.000 145.700 B
212 20.785 -54.000 145.700 B
213 25.981 -51.000 145.700 B
214 31.177 -48.000 145.700 B
215 36.373 -45.000 145.700 B
216 41.569 -42.000 145.700 B
217 46.765 -39.000 145.700 B
218 51.962 -36.000 145.700 B
219 6.543 -1.667 145.700 P0
220 3.849 -1.667 145.700 P1
221 6.543 -4.333 145.700 P2
222 3.849 -4.333 145.700 P3
223 11.739 -4.667 145.700 P0
224 9.045 -4.667 145.700 P1
225 11.739 -7.333 145.700 P2
226 9.045 -7.333 145.700 P3
227 11.739 1.333 145.700 P0
228 9.045 1.333 145.700 P1
229 11.739 -1.333 145.700 P2
230 9.045 -1.333 145.700 P3
231 15.588 -9.000 145.700 B
232 15.588 -3.000 145.700 B
233 15.588 3.000 145.700 B
234 20.785 -12.000 145.700 B
235 20.785 -6.000 145.700 B
236 20.785 0.000 145.700 B
237 20.785 6.000 145.700 B
238 25.981 -15.000 145.700 B
239 25.981 -9.000 145.700 B
240 25.981 -3.000 145.700 B
241 25.981 3.000 145.700 B
242 25.981 9.000 145.700 B
243 31.177 -18.000 145.700 B
244 31.177 -12.000 145.700 B
245 31.177 -6.000 145.700 B
246 31.177 0.000 145.700 B
247 31.177 6.000 145.700 B
248 31.177 12.000 145.700 B
249 36.373 -21.000 145.700 B
250 36.373 -15.000 145.700 B
251 36.373 -9.000 145.700 B
252 36.373 -3.000 145.700 B
253 36.373 3.000 145.700 B
254 36.373 9.000 145.700 B
255 36.373 15.000 145.700 B
256 41.569 -24.000 145.700 B
257 41.569 -18.000 145.700 B
258 41.569 -12.000 145.700 B
259 41.569 -6.000 145.700 B
260 41.569 0.000 145.700 B
261 41.569 6.000 145.700 B
262 41.569 12.000 145.700 B
263 41.569 18.000 145.700 B
264 46.765 -27.000 145.700 B
265 46.765 -21.000 145.700 B
266 46.765 -15.000 145.700 B
267 46.765 -9.000 145.700 B
268 46.765 -3.000 145.700 B
269 46.765 3.000 145.700 B
270 46.765 9.000 145.700 B
271 46.765 15.000 145.700 B
272 46.765 21.000 145.700 B
273 51.962 -30.000 145.700 B
274 51.962 -24.000 145.700 B
275 51.962 -18.000 145.700 B
276 51.962 -12.000 145.700 B
277 51.962 -6.000 145.700 B
278 51.962 0.000 145.700 B
279 51.962 6.000 145.700 B
280 51.962 12.000 145.700 B
281 51.962 18.000 145.700 B
282 51.962 24.000 145.700 B
283 57.158 -27.000 145.700 B
284 57.158 -21.000 145.700 B
285 57.158 -15.000 145.700 B
286 57.158 -9.000 145.700 B
287 57.158 -3.000 145.700 B
288 57.158 3.000 145.700 B
289 57.158 9.000 145.700 B
290 57.158 15.000 145.700 B
291 57.158 21.000 145.700 B
292 6.543 4.333 145.700 P0
293 3.849 4.333 145.700 P1
294 6.543 1.667 145.700 P2
295 3.849 1.667 145.700 P3
296 11.739 7.333 145.700 P0
297 9.045 7.333 145.700 P1
298 11.739 4.667 145.700 P2
299 9.045 4.667 145.700 P3
300 6.543 10.333 145.700 P0
301 3.849 10.333 145.700 P1
302 6.543 7.667 145.700 P2
303 3.849 7.667 145.700 P3
304 15.588 9.000 145.700 B
305 10.392 12.000 145.700 B
306 5.196 15.000 145.700 B
307 20.785 12.000 145.700 B
308 15.588 15.000 145.700 B
309 10.392 18.000 145.700 B
310 5.196 21.000 145.700 B
311 25.981 15.000 145.700 B
312 20.785 18.000 145.700 B
313 15.588 21.000 145.700 B
314 10.392 24.000 145.700 B
315 5.196 27.000 145.700 B
316 31.177 18.000 145.700 B
317 25.981 21.000 145.700 B
318 20.785 24.000 145.700 B
319 15.588 27.000 145.700 B
320 10.392 30.000 145.700 B
321 5.196 33.000 145.700 B
322 36.373 21.000 145.700 B
323 31.177 24.000 145.700 B
324 25.981 27.000 145.700 B
325 20.785 30.000 145.700 B
326 15.588 33.000 145.700 B
327 10.392 36.000 145.700 B
328 5.196 39.000 145.700 B
329 41.569 24.000 145.700 B
330 36.373 27.000 145.700 B
331 31.177 30.000 145.700 B
332 25.981 33.000 145.700 B
333 20.785 36.000 145.700 B
334 15.588 39.000 145.700 B
335 10.392 42.000 145.700 B
336 5.196 45.000 145.700 B
337 46.765 27.000 145.700 B
338 41.569 30.000 145.700 B
339 36.373 33.000 145.700 B
340 31.177 36.000 145.700 B
341 25.981 39.000 145.700 B
342 20.785 42.000 145.700 B
343 15.588 45.000 145.700 B
344 10.392 48.000 145.700 B
345 5.196 51.000 145.700 B
346 51.962 30.000 145.700 B
347 46.765 33.000 145.700 B
348 41.569 36.000 145.700 B
349 36.373 39.000 145.700 B
350 31.177 42.000 145.700 B
351 25.981 45.000 145.700 B
352 20.785 48.000 145.700 B
353 15.588 51.000 145.700 B
354 10.392 54.000 145.700 B
355 5.196 57.000 145.700 B
356 51.962 36.000 145.700 B
357 46.765 39.000 145.700 B
358 41.569 42.000 145.700 B
359 36.373 45.000 145.700 B
360 31.177 48.000 145.700 B
361 25.981 51.000 145.700 B
362 20.785 54.000 145.700 B
363 15.588 57.000 145.700 B
364 10.392 60.000 145.700 B
365 1.347 7.333 145.700 P0
366 -1.347 7.333 145.700 P1
367 1.347 4.667 145.700 P2
368 -1.347 4.667 145.700 P3
369 1.347 13.333 145.700 P0
370 -1.347 13.333 145.700 P1
371 1.347 10.667 145.700 P2
372 -1.347 10.667 145.700 P3
373 -3.849 10.333 145.700 P0
374 -6.543 10.333 145.700 P1
375 -3.849 7.667 145.700 P2
376 -6.543 7.667 145.700 P3
377 0.000 18.000 145.700 B
378 -5.196 15.000 145.700 B
379 -10.392 12.000 145.700 B
380 0.000 24.000 145.700 B
381 -5.196 21.000 145.700 B
382 -10.392 18.000 145.700 B
383 -15.588 15.000 145.700 B
384 0.000 30.000 145.700 B
385 -5.196 27.000 145.700 B
386 -10.392 24.000 145.700 B
387 -15.588 21.000 145.700 B
388 -20.785 18.000 145.700 B
389 0.000 36.000 145.700 B
390 -5.196 33.000 145.700 B
391 -10.392 30.000 145.700 B
392 -15.588 27.000 145.700 B
393 -20.785 24.000 145.700 B
394 -25.981 21.000 145.700 B
395 0.000 42.000 145.700 B
396 -5.196 39.000 145.700 B
397 -10.392 36.000 145.700 B
398 -15.588 33.000 145.700 B
399 -20.785 30.000 145.700 B
400 -25.981 27.000 145.700 B
401 -31.177 24.000 145.700 B
402 0.000 48.000 145.700 B
403 -5.196 45.000 145.700 B
404 -10.392 42.000 145.700 B
405 -15.588 39.000 145.700 B
406 -20.785 36.000 145.700 B
407 -25.981 33.000 145.700 B
408 -31.177 30.000 145.700 B
409 -36.373 27.000 145.700 B
410 0.000 54.000 145.700 B
411 -5.196 51.000 145.700 B
412 -10.392 48.000 145.700 B
413 -15.588 45.000 145.700 B
414 -20.785 42.000 145.700 B
415 -25.981 39.000 145.700 B
416 -31.177 36.000 145.700 B
417 -36.373 33.000 145.700 B
418 -41.569 30.000 145.700 B
419 0.000 60.000 145.700 B
420 -5.196 57.000 145.700 B
421 -10.392 54.000 145.700 B
422 -15.588 51.000 145.700 B
423 -20.785 48.000 145.700 B
424 -25.981 45.000 145.700 B
425 -31.177 42.000 145.700 B
426 -36.373 39.000 145.700 B
427 -41.569 36.000 145.700 B
428 -46.765 33.000 145.700 B
429 -10.392 60.000 145.700 B
430 -15.588 57.000 145.700 B
431 -20.785 54.000 145.700 B
432 -25.981 51.000 145.700 B
433 -31.177 48.000 145.700 B
434 -36.373 45.000 145.700 B
435 -41.569 42.000 145.700 B
436 -46.765 39.000 145.700 B
437 -51.962 36.000 145.700 B
